/*--------------------------------*- C++ -*----------------------------------*\
  =========                 |
  \\      /  F ield         | OpenFOAM: The Open Source CFD Toolbox
   \\    /   O peration     | Website:  https://openfoam.org
    \\  /    A nd           | Version:  11
     \\/     M anipulation  |
\*---------------------------------------------------------------------------*/
FoamFile
{
    format      ascii;
    class       faceList;
    location    "constant/polyMesh";
    object      faces;
}
// * * * * * * * * * * * * * * * * * * * * * * * * * * * * * * * * * * * * * //


2205
(
3(80 79 105)
3(80 105 62)
3(62 105 79)
3(80 62 79)
3(69 58 72)
3(69 72 70)
3(69 70 58)
3(72 58 70)
3(105 65 79)
3(105 80 65)
3(65 80 79)
3(58 106 64)
3(88 58 64)
3(88 106 58)
3(88 64 106)
3(58 69 64)
3(58 106 69)
3(69 106 64)
3(58 72 64)
3(69 64 72)
3(71 100 70)
3(100 72 70)
3(71 72 100)
3(71 70 72)
3(58 72 88)
3(88 72 64)
3(99 100 70)
3(71 100 99)
3(71 99 70)
3(99 100 72)
3(99 72 70)
3(71 64 100)
3(71 72 64)
3(72 100 64)
3(99 71 59)
3(100 59 71)
3(100 99 59)
3(62 7 105)
3(105 7 80)
3(62 80 7)
3(20 106 58)
3(20 88 106)
3(20 58 88)
3(6 62 105)
3(6 105 79)
3(6 79 62)
3(7 6 62)
3(58 21 106)
3(58 20 21)
3(59 99 70)
3(59 70 71)
3(21 106 69)
3(21 69 58)
3(19 88 106)
3(20 88 19)
3(77 102 89)
3(66 89 102)
3(77 66 102)
3(77 89 66)
3(13 98 76)
3(14 76 98)
3(14 98 13)
3(14 13 76)
3(105 79 5)
3(6 5 79)
3(77 90 102)
3(12 77 102)
3(12 102 90)
3(12 90 77)
3(63 65 79)
3(63 105 65)
3(63 79 105)
3(65 81 101)
3(79 65 101)
3(79 81 65)
3(79 101 81)
3(68 81 101)
3(68 101 65)
3(68 65 81)
3(22 106 69)
3(22 69 21)
3(60 64 69)
3(60 106 64)
3(60 69 106)
3(71 64 10)
3(71 10 100)
3(100 10 64)
3(8 80 105)
3(8 7 80)
3(90 89 102)
3(55 102 89)
3(55 90 102)
3(55 89 90)
3(11 87 73)
3(11 95 87)
3(95 73 87)
3(11 73 95)
3(17 61 86)
3(17 67 61)
3(61 67 86)
3(17 86 67)
3(89 77 90)
3(73 10 87)
3(10 11 87)
3(73 11 10)
3(60 64 72)
3(60 72 69)
3(95 57 11)
3(95 87 57)
3(11 57 87)
3(71 60 64)
3(72 60 71)
3(93 104 12)
3(93 11 104)
3(11 12 104)
3(93 12 11)
3(105 8 65)
3(65 8 80)
3(60 64 10)
3(60 10 71)
3(63 65 101)
3(63 101 79)
3(76 103 52)
3(75 52 103)
3(76 75 103)
3(76 52 75)
3(84 54 16)
3(85 16 54)
3(84 85 54)
3(84 16 85)
3(97 13 76)
3(82 97 76)
3(82 76 13)
3(82 13 97)
3(77 102 13)
3(12 13 102)
3(77 13 12)
3(98 97 76)
3(52 76 97)
3(52 98 76)
3(52 97 98)
3(98 97 13)
3(15 74 78)
3(56 15 78)
3(56 78 74)
3(56 74 15)
3(65 105 9)
3(65 9 8)
3(84 54 15)
3(84 15 16)
3(16 15 54)
3(17 65 63)
3(0 63 65)
3(17 0 65)
3(17 63 0)
3(61 86 16)
3(61 16 17)
3(17 16 86)
3(65 101 17)
3(63 17 101)
3(14 74 78)
3(15 74 14)
3(15 14 78)
3(68 67 101)
3(68 81 67)
3(81 101 67)
3(75 74 78)
3(78 74 103)
3(75 103 74)
3(75 78 103)
3(91 93 104)
3(12 91 104)
3(12 93 91)
3(17 68 101)
3(65 68 17)
3(55 12 91)
3(55 92 12)
3(91 12 92)
3(55 91 92)
3(55 102 66)
3(55 66 89)
3(10 100 59)
3(71 10 59)
3(52 76 14)
3(52 14 103)
3(14 76 103)
3(66 13 77)
3(66 102 13)
3(60 64 1)
3(60 1 10)
3(10 1 64)
3(73 59 96)
3(73 87 59)
3(73 96 87)
3(96 59 87)
3(83 56 15)
3(83 78 56)
3(83 15 78)
3(97 52 82)
3(82 52 76)
3(90 55 12)
3(90 91 55)
3(90 12 91)
3(82 77 13)
3(82 76 77)
3(13 77 76)
3(68 17 67)
3(61 68 67)
3(61 17 68)
3(101 17 67)
3(53 11 93)
3(93 11 94)
3(53 93 94)
3(53 94 11)
3(65 105 0)
3(65 0 9)
3(52 98 14)
3(53 93 104)
3(53 104 91)
3(53 91 93)
3(66 77 82)
3(89 82 77)
3(89 66 82)
3(0 63 105)
3(66 82 13)
3(66 97 82)
3(66 13 97)
3(11 104 53)
3(12 55 102)
3(92 12 102)
3(92 102 55)
3(74 56 75)
3(78 75 56)
3(106 19 64)
3(19 88 64)
3(14 74 103)
3(78 14 103)
3(74 14 52)
3(98 74 52)
3(98 14 74)
3(86 85 16)
3(86 54 85)
3(86 16 54)
3(95 94 11)
3(95 57 94)
3(11 94 57)
3(15 84 83)
3(54 83 84)
3(54 15 83)
3(61 86 85)
3(61 85 16)
3(5 105 63)
3(5 63 79)
3(99 73 59)
3(96 99 59)
3(96 73 99)
3(91 104 92)
3(12 92 104)
3(1 60 106)
3(1 106 64)
3(95 93 11)
3(95 94 93)
3(106 60 22)
3(69 22 60)
3(59 73 10)
3(59 10 87)
3(106 60 23)
3(22 23 60)
3(63 4 105)
3(63 5 4)
3(18 64 106)
3(18 19 64)
3(53 104 92)
3(53 92 91)
3(56 84 83)
3(56 15 84)
3(23 1 60)
3(63 4 0)
3(1 18 64)
3(12 102 104)
3(92 104 102)
3(79 81 80)
3(80 81 65)
3(81 80 62)
3(79 81 62)
3(69 72 71)
3(69 71 70)
3(69 60 71)
3(96 87 95)
3(96 95 73)
3(95 96 57)
3(87 57 96)
3(100 73 59)
3(100 99 73)
3(73 10 100)
3(74 52 103)
3(74 75 52)
3(59 71 257)
3(87 71 59)
3(87 257 71)
3(87 59 257)
3(75 138 255)
3(56 138 75)
3(56 75 255)
3(56 255 138)
3(237 71 121)
3(71 248 121)
3(237 248 71)
3(237 121 248)
3(96 250 59)
3(99 59 250)
3(96 99 250)
3(61 264 86)
3(61 67 264)
3(67 86 264)
3(91 131 90)
3(91 252 131)
3(90 131 252)
3(91 90 252)
3(138 270 75)
3(138 255 270)
3(255 75 270)
3(74 138 75)
3(56 138 74)
3(130 90 91)
3(130 91 131)
3(130 131 90)
3(87 71 121)
3(71 10 121)
3(87 121 10)
3(87 10 71)
3(249 100 267)
3(249 236 100)
3(100 236 267)
3(249 267 236)
3(61 85 156)
3(190 61 156)
3(190 85 61)
3(190 156 85)
3(96 250 257)
3(250 59 257)
3(96 257 59)
3(181 71 121)
3(181 121 87)
3(181 87 71)
3(190 264 61)
3(61 264 269)
3(190 269 264)
3(190 61 269)
3(75 270 273)
3(75 273 52)
3(270 52 273)
3(75 52 270)
3(88 58 250)
3(72 250 58)
3(72 88 250)
3(156 86 85)
3(156 61 86)
3(138 273 75)
3(138 270 273)
3(54 83 157)
3(157 83 255)
3(54 255 83)
3(54 157 255)
3(260 123 262)
3(13 262 123)
3(13 260 262)
3(13 123 260)
3(61 85 199)
3(199 85 271)
3(61 199 271)
3(61 271 85)
3(59 250 70)
3(99 70 250)
3(83 78 274)
3(83 253 78)
3(78 253 274)
3(83 274 253)
3(56 143 151)
3(56 74 143)
3(74 151 143)
3(56 151 74)
3(164 255 83)
3(253 83 255)
3(164 253 255)
3(164 83 253)
3(75 74 273)
3(138 273 74)
3(58 69 239)
3(239 69 70)
3(58 239 70)
3(159 98 273)
3(159 259 98)
3(98 259 273)
3(159 273 259)
3(253 128 260)
3(253 260 274)
3(260 128 274)
3(253 274 128)
3(74 273 52)
3(83 54 165)
3(83 165 265)
3(165 54 265)
3(83 265 54)
3(207 100 249)
3(207 241 100)
3(100 241 249)
3(207 249 241)
3(237 10 121)
3(237 71 10)
3(207 100 267)
3(207 267 249)
3(61 156 264)
3(156 190 264)
3(156 85 54)
3(85 147 54)
3(156 147 85)
3(156 54 147)
3(90 91 262)
3(90 262 130)
3(91 130 262)
3(76 260 253)
3(76 253 128)
3(76 128 260)
3(64 236 100)
3(64 100 249)
3(64 249 236)
3(132 131 91)
3(132 91 252)
3(132 252 131)
3(83 157 165)
3(54 165 157)
3(102 155 12)
3(104 12 155)
3(102 104 155)
3(56 143 84)
3(151 84 143)
3(56 84 151)
3(250 96 256)
3(250 256 258)
3(256 96 258)
3(250 258 96)
3(86 54 156)
3(164 157 83)
3(164 255 157)
3(76 260 274)
3(76 274 253)
3(94 145 263)
3(94 256 145)
3(94 263 256)
3(145 256 263)
3(256 250 257)
3(96 256 257)
3(124 123 262)
3(124 262 260)
3(124 260 123)
3(216 17 212)
3(216 65 17)
3(216 212 65)
3(212 17 65)
3(84 147 54)
3(85 147 84)
3(248 181 71)
3(248 121 181)
3(159 74 273)
3(74 98 273)
3(159 98 74)
3(90 131 261)
3(131 252 261)
3(90 261 252)
3(98 191 259)
3(159 259 191)
3(159 191 98)
3(10 247 236)
3(232 10 236)
3(232 247 10)
3(10 237 246)
3(10 246 233)
3(10 233 237)
3(102 13 192)
3(102 192 259)
3(192 13 259)
3(102 259 13)
3(95 258 132)
3(95 132 93)
3(93 132 258)
3(95 93 258)
3(94 145 53)
3(53 145 263)
3(94 53 263)
3(265 83 274)
3(165 265 274)
3(165 274 83)
3(77 171 270)
3(77 270 261)
3(77 261 171)
3(171 261 270)
3(54 255 84)
3(83 84 255)
3(10 100 236)
3(10 236 267)
3(10 267 100)
3(76 171 253)
3(76 270 171)
3(253 171 270)
3(76 253 270)
3(194 15 84)
3(151 194 84)
3(151 15 194)
3(151 84 15)
3(86 156 264)
3(84 142 56)
3(84 255 142)
3(84 56 255)
3(56 142 255)
3(13 12 123)
3(123 12 262)
3(13 262 12)
3(17 225 216)
3(212 225 17)
3(181 257 248)
3(181 71 257)
3(71 248 257)
3(87 11 187)
3(87 187 263)
3(187 11 263)
3(87 263 11)
3(61 85 184)
3(199 61 184)
3(199 184 85)
3(171 128 76)
3(171 253 128)
3(56 138 143)
3(74 143 138)
3(269 61 275)
3(68 61 269)
3(68 269 275)
3(68 275 61)
3(184 190 85)
3(184 61 190)
3(100 254 207)
3(100 267 254)
3(207 254 267)
3(85 84 142)
3(146 85 142)
3(146 84 85)
3(146 142 84)
3(92 252 268)
3(252 53 268)
3(92 268 53)
3(92 53 252)
3(130 91 132)
3(147 255 54)
3(148 54 255)
3(147 54 148)
3(147 148 255)
3(77 171 76)
3(77 76 270)
3(146 199 85)
3(146 85 271)
3(146 271 199)
3(81 269 61)
3(81 264 269)
3(81 61 264)
3(88 229 250)
3(88 58 229)
3(229 58 250)
3(64 236 10)
3(131 128 90)
3(77 131 90)
3(77 128 131)
3(77 90 128)
3(61 199 269)
3(61 275 199)
3(269 199 275)
3(241 254 207)
3(241 100 254)
3(10 87 187)
3(121 187 87)
3(121 10 187)
3(115 101 67)
3(115 264 101)
3(67 101 264)
3(115 67 264)
3(37 108 14)
3(13 14 108)
3(37 14 13)
3(37 13 108)
3(14 37 38)
3(108 14 38)
3(84 147 255)
3(130 128 90)
3(62 80 269)
3(214 62 269)
3(214 80 62)
3(214 269 80)
3(194 271 84)
3(194 15 271)
3(15 84 271)
3(12 123 37)
3(12 37 13)
3(13 37 123)
3(10 237 206)
3(10 206 246)
3(237 246 206)
3(16 265 114)
3(16 174 265)
3(16 114 174)
3(174 114 265)
3(114 16 15)
3(114 15 265)
3(15 16 265)
3(83 164 165)
3(145 154 94)
3(53 154 145)
3(53 94 154)
3(108 13 260)
3(108 260 14)
3(13 14 260)
3(86 265 174)
3(86 167 265)
3(86 174 167)
3(167 174 265)
3(162 258 94)
3(252 94 258)
3(162 252 258)
3(162 94 252)
3(10 11 187)
3(36 37 12)
3(36 12 123)
3(132 93 252)
3(91 252 93)
3(91 93 132)
3(15 114 40)
3(16 15 40)
3(16 40 114)
3(15 14 193)
3(193 14 266)
3(15 193 266)
3(15 266 14)
3(193 15 74)
3(193 74 14)
3(10 11 34)
3(187 34 11)
3(187 10 34)
3(36 11 111)
3(36 12 11)
3(11 12 111)
3(36 111 12)
3(54 166 265)
3(166 86 265)
3(54 86 166)
3(54 265 86)
3(77 270 82)
3(261 82 270)
3(77 82 261)
3(85 190 147)
3(165 54 166)
3(165 166 265)
3(38 266 193)
3(38 14 266)
3(38 193 14)
3(86 16 174)
3(86 265 16)
3(34 185 11)
3(10 11 185)
3(34 10 185)
3(12 37 192)
3(12 192 13)
3(13 192 37)
3(77 260 262)
3(13 77 262)
3(13 260 77)
3(142 85 147)
3(142 147 84)
3(158 252 93)
3(158 93 258)
3(93 252 258)
3(158 258 252)
3(11 35 34)
3(11 187 35)
3(35 36 11)
3(35 11 111)
3(132 95 175)
3(175 95 258)
3(132 175 258)
3(132 176 95)
3(93 176 132)
3(93 95 176)
3(192 12 36)
3(40 15 39)
3(15 114 39)
3(39 193 266)
3(39 266 15)
3(39 15 193)
3(262 111 267)
3(11 111 262)
3(11 267 111)
3(11 262 267)
3(186 17 40)
3(17 16 40)
3(186 40 16)
3(186 16 17)
3(11 35 185)
3(17 40 41)
3(17 41 186)
3(131 77 261)
3(131 171 77)
3(131 261 171)
3(38 266 39)
3(204 236 10)
3(204 10 247)
3(204 247 236)
3(15 151 160)
3(15 160 74)
3(160 151 74)
3(15 74 151)
3(54 157 148)
3(148 157 255)
3(184 199 269)
3(61 184 269)
3(264 183 269)
3(190 183 264)
3(190 269 183)
3(166 67 272)
3(86 272 67)
3(86 67 166)
3(86 166 272)
3(85 184 146)
3(85 142 184)
3(185 267 11)
3(185 10 267)
3(10 11 267)
3(61 81 68)
3(68 81 269)
3(145 53 268)
3(53 140 268)
3(145 140 53)
3(145 268 140)
3(126 128 274)
3(126 260 128)
3(126 274 260)
3(102 12 192)
3(17 205 216)
3(225 205 17)
3(225 216 205)
3(188 40 17)
3(188 17 16)
3(188 16 40)
3(17 188 41)
3(102 155 192)
3(12 192 155)
3(128 76 77)
3(128 77 171)
3(128 260 77)
3(76 77 260)
3(232 64 236)
3(232 10 64)
3(56 143 142)
3(84 142 143)
3(123 108 13)
3(123 260 108)
3(82 76 270)
3(156 157 54)
3(86 54 157)
3(156 86 157)
3(67 115 272)
3(115 101 272)
3(67 272 101)
3(154 94 256)
3(145 154 256)
3(145 263 268)
3(53 268 263)
3(84 271 146)
3(84 85 271)
3(166 115 272)
3(166 67 115)
3(74 273 143)
3(74 143 159)
3(159 143 273)
3(151 271 84)
3(151 194 271)
3(138 142 56)
3(94 154 258)
3(162 258 154)
3(162 154 94)
3(13 107 98)
3(14 107 13)
3(14 98 107)
3(143 138 273)
3(194 160 15)
3(111 267 178)
3(262 178 267)
3(111 178 262)
3(129 274 128)
3(129 253 274)
3(129 128 253)
3(90 77 261)
3(250 70 257)
3(59 257 70)
3(94 258 256)
3(94 256 57)
3(57 256 258)
3(94 57 258)
3(54 148 156)
3(15 271 113)
3(15 113 194)
3(194 113 271)
3(242 10 247)
3(34 247 10)
3(34 242 247)
3(34 10 242)
3(223 115 101)
3(220 101 115)
3(223 101 220)
3(223 220 115)
3(15 266 114)
3(265 114 266)
3(15 265 266)
3(98 107 259)
3(191 259 107)
3(191 107 98)
3(172 123 262)
3(124 172 262)
3(204 236 267)
3(204 267 10)
3(199 271 275)
3(61 275 271)
3(138 139 270)
3(139 255 270)
3(138 255 139)
3(41 17 221)
3(225 221 17)
3(225 17 41)
3(225 41 221)
3(226 17 221)
3(41 17 226)
3(41 226 221)
3(184 85 147)
3(66 251 259)
3(259 251 268)
3(66 259 268)
3(66 268 251)
3(200 87 187)
3(200 263 87)
3(200 187 263)
3(17 122 275)
3(216 17 275)
3(216 122 17)
3(216 275 122)
3(260 127 262)
3(124 262 127)
3(124 127 260)
3(104 195 263)
3(263 195 268)
3(104 263 268)
3(104 268 195)
3(107 259 13)
3(98 13 259)
3(166 167 265)
3(86 167 166)
3(122 271 17)
3(122 275 271)
3(17 271 275)
3(157 54 166)
3(65 17 275)
3(216 65 275)
3(155 259 102)
3(155 192 259)
3(74 151 159)
3(87 121 200)
3(16 15 113)
3(15 40 113)
3(16 113 40)
3(95 254 258)
3(254 73 258)
3(95 258 73)
3(95 73 254)
3(111 12 262)
3(123 12 111)
3(123 111 262)
3(140 53 252)
3(140 154 53)
3(140 252 154)
3(53 154 252)
3(11 36 112)
3(11 112 12)
3(12 112 36)
3(133 252 131)
3(133 132 252)
3(144 267 176)
3(144 262 267)
3(144 176 262)
3(262 176 267)
3(127 77 260)
3(127 262 77)
3(128 260 127)
3(128 127 77)
3(95 176 175)
3(95 175 254)
3(175 176 254)
3(95 254 176)
3(12 262 11)
3(78 265 83)
3(78 274 265)
3(174 272 86)
3(174 167 272)
3(167 86 272)
3(222 218 264)
3(218 183 264)
3(222 264 183)
3(222 183 218)
3(16 271 113)
3(16 15 271)
3(112 11 35)
3(101 223 264)
3(115 264 223)
3(39 113 15)
3(10 121 206)
3(237 206 121)
3(101 272 220)
3(115 220 272)
3(211 63 272)
3(63 215 272)
3(211 215 63)
3(211 272 215)
3(15 160 193)
3(193 160 74)
3(89 77 261)
3(90 89 261)
3(93 158 132)
3(132 158 252)
3(114 39 266)
3(158 132 258)
3(151 146 84)
3(151 271 146)
3(107 37 14)
3(107 13 37)
3(176 132 262)
3(176 262 93)
3(132 93 262)
3(16 114 186)
3(174 16 186)
3(173 39 266)
3(173 266 114)
3(14 107 38)
3(81 218 264)
3(222 218 81)
3(222 81 264)
3(256 154 258)
3(143 146 84)
3(236 119 267)
3(249 267 119)
3(249 119 236)
3(86 166 157)
3(102 268 259)
3(155 259 268)
3(102 155 268)
3(251 92 252)
3(251 268 92)
3(251 252 268)
3(104 112 12)
3(104 11 112)
3(58 69 229)
3(239 229 69)
3(58 229 239)
3(142 147 255)
3(253 78 255)
3(83 255 78)
3(11 185 111)
3(111 185 267)
3(175 254 258)
3(17 188 271)
3(122 188 17)
3(122 271 188)
3(155 104 112)
3(155 112 12)
3(218 264 269)
3(218 269 81)
3(62 81 269)
3(81 80 269)
3(11 112 263)
3(112 104 263)
3(11 263 104)
3(76 103 274)
3(103 260 274)
3(76 260 103)
3(242 10 232)
3(233 10 242)
3(246 242 10)
3(108 266 14)
3(108 260 266)
3(260 14 266)
3(211 17 221)
3(226 17 211)
3(221 17 212)
3(140 268 252)
3(87 263 181)
3(256 181 263)
3(87 256 263)
3(87 181 256)
3(52 98 273)
3(122 17 205)
3(122 205 216)
3(16 188 271)
3(17 16 271)
3(16 174 272)
3(16 272 86)
3(93 11 267)
3(95 267 11)
3(95 93 267)
3(195 104 112)
3(155 104 195)
3(156 179 86)
3(156 264 179)
3(86 179 264)
3(12 77 262)
3(66 273 259)
3(251 259 273)
3(66 251 273)
3(101 223 79)
3(101 79 264)
3(79 223 264)
3(112 187 11)
3(112 263 187)
3(107 192 13)
3(107 259 192)
3(200 87 181)
3(249 64 241)
3(100 241 64)
3(183 269 218)
3(10 34 204)
3(34 247 204)
3(161 143 273)
3(159 161 273)
3(176 267 177)
3(254 177 267)
3(176 177 254)
3(176 254 267)
3(108 266 38)
3(181 200 263)
3(10 187 206)
3(176 130 262)
3(130 132 262)
3(186 16 272)
3(17 186 272)
3(17 272 16)
3(112 195 263)
3(119 267 204)
3(119 204 236)
3(172 111 262)
3(114 170 265)
3(114 266 170)
3(265 170 266)
3(79 223 220)
3(79 220 213)
3(79 213 223)
3(17 203 41)
3(226 203 17)
3(226 41 203)
3(205 17 41)
3(205 41 225)
3(182 250 256)
3(182 258 250)
3(182 256 258)
3(250 257 182)
3(256 182 257)
3(160 15 113)
3(186 174 272)
3(83 56 255)
3(131 133 261)
3(133 252 261)
3(159 74 160)
3(10 204 185)
3(185 204 267)
3(237 248 60)
3(237 60 71)
3(71 60 248)
3(251 141 259)
3(259 141 268)
3(251 268 141)
3(94 93 252)
3(94 258 93)
3(220 79 101)
3(126 129 274)
3(16 54 265)
3(173 38 266)
3(171 261 134)
3(171 134 270)
3(134 261 270)
3(188 17 205)
3(259 97 273)
3(66 273 97)
3(66 97 259)
3(81 61 67)
3(81 67 264)
3(141 259 273)
3(141 273 251)
3(113 16 188)
3(113 188 271)
3(92 55 251)
3(251 55 252)
3(92 252 55)
3(157 179 86)
3(186 17 203)
3(89 251 55)
3(89 261 251)
3(55 251 261)
3(89 55 261)
3(207 119 249)
3(207 267 119)
3(190 264 110)
3(156 110 264)
3(253 103 274)
3(76 103 253)
3(228 220 101)
3(228 272 220)
3(228 101 272)
3(206 10 34)
3(131 261 134)
3(17 63 272)
3(211 63 17)
3(211 17 272)
3(149 155 268)
3(195 149 268)
3(195 268 155)
3(203 226 272)
3(215 203 272)
3(215 226 203)
3(215 272 226)
3(70 239 257)
3(69 257 239)
3(69 70 257)
3(112 12 192)
3(100 267 73)
3(100 73 254)
3(254 73 267)
3(162 140 252)
3(162 252 154)
3(15 113 193)
3(16 84 271)
3(177 144 267)
3(101 228 63)
3(63 228 220)
3(101 63 220)
3(17 272 203)
3(17 226 272)
3(55 251 268)
3(92 55 268)
3(199 269 118)
3(184 118 269)
3(172 262 127)
3(90 262 12)
3(90 77 262)
3(63 210 228)
3(215 63 228)
3(215 210 63)
3(64 249 231)
3(64 231 236)
3(60 237 230)
3(60 230 248)
3(177 207 254)
3(177 267 207)
3(174 168 272)
3(168 167 272)
3(147 255 139)
3(142 139 255)
3(66 102 268)
3(66 259 102)
3(166 179 86)
3(14 107 193)
3(151 271 153)
3(146 153 271)
3(203 186 272)
3(250 189 258)
3(182 258 189)
3(182 189 250)
3(49 248 257)
3(49 257 240)
3(248 240 257)
3(174 170 265)
3(127 126 260)
3(183 110 264)
3(222 110 183)
3(222 264 110)
3(93 11 262)
3(93 262 267)
3(220 201 272)
3(228 272 201)
3(228 201 220)
3(270 82 273)
3(52 273 82)
3(52 82 270)
3(133 158 252)
3(250 258 109)
3(250 254 258)
3(254 109 258)
3(250 109 254)
3(165 167 265)
3(250 73 254)
3(99 250 254)
3(99 254 73)
3(99 73 250)
3(178 185 267)
3(57 263 256)
3(57 94 263)
3(211 17 212)
3(201 115 220)
3(201 272 115)
3(269 118 275)
3(199 275 118)
3(109 250 189)
3(109 189 258)
3(233 10 232)
3(63 272 228)
3(63 101 272)
3(82 273 261)
3(270 261 273)
3(239 257 250)
3(239 250 70)
3(97 273 98)
3(97 98 259)
3(178 267 144)
3(178 144 262)
3(170 173 266)
3(149 259 268)
3(149 155 259)
3(53 93 252)
3(53 252 94)
3(153 194 271)
3(197 256 263)
3(145 256 197)
3(145 197 263)
3(138 270 136)
3(136 270 273)
3(138 136 273)
3(263 149 268)
3(195 149 263)
3(15 54 265)
3(136 139 270)
3(168 115 272)
3(166 168 272)
3(140 251 252)
3(140 268 251)
3(108 124 260)
3(150 141 259)
3(150 273 141)
3(150 259 273)
3(89 82 261)
3(55 66 268)
3(55 251 66)
3(97 273 82)
3(97 52 273)
3(164 255 148)
3(181 257 49)
3(181 49 248)
3(116 177 254)
3(116 254 176)
3(129 164 274)
3(129 253 164)
3(164 253 274)
3(112 263 200)
3(63 210 220)
3(231 64 241)
3(238 229 88)
3(234 88 229)
3(238 88 234)
3(197 181 263)
3(197 256 181)
3(122 271 202)
3(188 202 271)
3(214 62 218)
3(218 62 269)
3(214 218 269)
3(229 21 69)
3(229 58 21)
3(116 207 254)
3(79 81 264)
3(62 264 81)
3(62 79 264)
3(150 259 268)
3(150 149 259)
3(150 268 149)
3(266 260 274)
3(103 260 266)
3(103 266 274)
3(66 82 251)
3(89 66 251)
3(89 251 82)
3(97 251 273)
3(66 251 97)
3(55 102 268)
3(158 175 258)
3(172 178 262)
3(261 251 273)
3(82 273 251)
3(82 251 261)
3(261 137 273)
3(251 137 261)
3(251 273 137)
3(73 258 250)
3(108 266 173)
3(239 182 250)
3(239 257 182)
3(136 261 273)
3(136 270 261)
3(238 229 250)
3(238 250 88)
3(1 233 10)
3(1 10 232)
3(97 251 82)
3(224 269 275)
3(224 275 219)
3(269 219 275)
3(224 219 269)
3(69 235 239)
3(69 257 235)
3(239 235 257)
3(96 258 57)
3(96 57 256)
3(235 229 69)
3(150 141 268)
3(70 72 250)
3(58 70 250)
3(47 239 250)
3(47 250 243)
3(239 243 250)
3(208 214 62)
3(208 62 218)
3(241 254 116)
3(241 116 207)
3(0 17 212)
3(211 17 0)
3(161 138 273)
3(91 55 252)
3(90 252 55)
3(215 272 228)
3(242 34 3)
3(246 3 34)
3(242 246 34)
3(3 247 34)
3(260 125 274)
3(126 274 125)
3(126 125 260)
3(189 256 258)
3(182 256 189)
3(41 2 221)
3(41 226 2)
3(2 225 41)
3(62 81 218)
3(120 272 215)
3(120 203 272)
3(120 215 203)
3(144 130 262)
3(16 85 271)
3(88 20 229)
3(58 229 20)
3(171 253 129)
3(271 202 275)
3(122 275 202)
3(13 66 259)
3(260 125 266)
3(266 125 274)
3(120 228 215)
3(120 272 228)
3(145 263 149)
3(145 149 268)
3(141 161 273)
3(150 273 161)
3(72 99 254)
3(99 100 254)
3(72 254 100)
3(182 109 250)
3(107 259 155)
3(136 261 137)
3(136 137 273)
3(183 118 269)
3(184 183 269)
3(72 99 250)
3(72 250 254)
3(129 165 274)
3(165 164 274)
3(252 251 261)
3(55 252 261)
3(178 267 177)
3(134 133 261)
3(152 181 263)
3(197 152 263)
3(29 222 183)
3(29 183 218)
3(189 258 154)
3(189 162 258)
3(162 252 158)
3(162 158 258)
3(253 75 255)
3(78 75 253)
3(78 255 75)
3(108 260 125)
3(108 125 266)
3(113 202 271)
3(197 154 256)
3(175 254 109)
3(175 109 258)
3(163 270 139)
3(163 255 270)
3(163 139 255)
3(14 260 103)
3(14 76 260)
3(53 268 104)
3(53 104 263)
3(116 241 244)
3(244 241 254)
3(116 244 254)
3(179 110 264)
3(50 121 248)
3(50 237 121)
3(25 120 228)
3(25 215 120)
3(245 49 257)
3(245 257 240)
3(224 118 275)
3(224 269 118)
3(223 196 264)
3(115 196 223)
3(115 264 196)
3(154 189 256)
3(255 253 270)
3(75 270 253)
3(14 266 103)
3(195 263 200)
3(80 209 214)
3(80 8 209)
3(80 214 8)
3(78 103 253)
3(75 253 103)
3(167 170 265)
3(224 275 31)
3(219 31 275)
3(26 220 115)
3(26 115 223)
3(124 126 260)
3(69 257 71)
3(69 60 257)
3(60 71 257)
3(180 271 275)
3(180 199 271)
3(180 275 199)
3(95 94 258)
3(117 181 257)
3(49 117 257)
3(117 181 256)
3(117 256 257)
3(256 181 257)
3(53 91 252)
3(228 120 201)
3(201 120 272)
3(199 153 271)
3(241 44 116)
3(244 116 44)
3(249 119 43)
3(43 119 236)
3(234 88 20)
3(47 182 250)
3(47 239 182)
3(135 137 261)
3(135 261 251)
3(135 251 137)
3(7 62 214)
3(7 214 80)
3(65 68 275)
3(68 17 275)
3(220 201 26)
3(194 202 271)
3(50 181 248)
3(201 26 228)
3(149 152 263)
3(145 263 152)
3(7 62 208)
3(139 148 255)
3(109 47 250)
3(243 109 250)
3(243 47 109)
3(87 256 57)
3(87 57 263)
3(21 69 235)
3(206 246 3)
3(206 34 246)
3(29 222 110)
3(109 254 198)
3(250 198 254)
3(109 198 250)
3(241 44 207)
3(163 270 253)
3(163 171 270)
3(163 253 171)
3(103 274 78)
3(136 163 270)
3(216 209 65)
3(212 65 209)
3(17 101 272)
3(169 265 274)
3(169 165 265)
3(169 274 165)
3(216 32 275)
3(227 216 275)
3(227 275 32)
3(150 155 259)
3(201 228 25)
3(149 141 268)
3(44 207 249)
3(152 200 263)
3(169 274 125)
3(169 126 274)
3(247 204 3)
3(71 70 257)
3(226 2 203)
3(2 225 205)
3(56 78 255)
3(239 48 257)
3(48 245 257)
3(239 257 245)
3(185 119 267)
3(222 28 264)
3(217 264 28)
3(217 222 264)
3(135 136 261)
3(46 243 250)
3(46 250 238)
3(243 238 250)
3(79 63 220)
3(253 163 255)
3(163 134 270)
3(137 141 273)
3(137 251 141)
3(203 215 24)
3(203 24 226)
3(209 275 216)
3(209 65 275)
3(172 144 262)
3(208 6 79)
3(208 62 6)
3(208 79 62)
3(204 42 236)
3(247 42 204)
3(92 102 268)
3(125 124 260)
3(6 79 213)
3(208 213 79)
3(195 152 263)
3(155 191 259)
3(217 223 196)
3(217 196 264)
3(217 264 223)
3(9 212 65)
3(209 9 65)
3(169 266 265)
3(169 170 266)
3(169 265 170)
3(169 266 274)
3(266 265 274)
3(76 75 253)
3(207 43 249)
3(15 83 265)
3(163 164 253)
3(163 255 164)
3(201 272 168)
3(169 266 125)
3(175 116 254)
3(117 257 245)
3(117 245 49)
3(30 218 269)
3(30 269 224)
3(218 224 269)
3(244 234 254)
3(234 241 254)
3(173 125 266)
3(32 275 122)
3(32 122 216)
3(91 92 252)
3(31 118 275)
3(224 118 31)
3(93 12 262)
3(240 69 257)
3(240 235 69)
3(240 257 235)
3(109 46 243)
3(109 250 46)
3(78 266 274)
3(78 103 266)
3(120 186 272)
3(61 16 271)
3(17 61 271)
3(202 275 180)
3(202 180 271)
3(182 48 257)
3(239 48 182)
3(13 97 259)
3(73 267 11)
3(73 95 267)
3(144 127 262)
3(127 130 262)
3(110 222 28)
3(110 28 264)
3(80 269 219)
3(80 219 65)
3(80 65 269)
3(65 219 269)
3(191 150 259)
3(159 259 150)
3(212 0 65)
3(167 265 169)
3(133 135 261)
3(135 252 261)
3(133 252 135)
3(125 170 266)
3(15 78 265)
3(223 27 196)
3(115 27 223)
3(96 95 258)
3(73 96 258)
3(238 198 250)
3(46 250 198)
3(46 198 238)
3(119 42 236)
3(183 269 30)
3(183 30 218)
3(244 238 254)
3(234 254 238)
3(196 179 264)
3(179 115 264)
3(75 270 76)
3(153 271 180)
3(133 162 252)
3(175 254 198)
3(135 251 252)
3(135 140 251)
3(135 252 140)
3(104 92 268)
3(138 137 273)
3(122 275 180)
3(180 275 118)
3(31 275 227)
3(219 227 275)
3(140 141 251)
3(140 268 141)
3(24 120 215)
3(134 136 270)
3(134 261 136)
3(119 177 267)
3(240 69 60)
3(240 60 257)
3(171 164 253)
3(137 161 273)
3(158 109 258)
3(78 265 266)
3(78 266 15)
3(13 76 260)
3(219 80 214)
3(219 214 269)
3(134 135 261)
3(163 255 148)
3(129 169 274)
3(101 81 264)
3(227 180 275)
3(31 180 227)
3(31 275 180)
3(174 272 120)
3(198 254 238)
3(250 238 254)
3(198 244 238)
3(198 254 244)
3(209 275 227)
3(230 60 233)
3(237 233 60)
3(63 211 210)
3(231 232 64)
3(80 219 209)
3(65 209 219)
3(80 209 65)
3(65 80 68)
3(81 68 80)
3(197 256 117)
3(17 86 272)
3(67 17 272)
3(154 182 256)
3(57 95 258)
3(234 64 19)
3(234 19 88)
3(234 88 64)
3(96 87 256)
3(104 102 268)
3(178 119 267)
3(227 180 32)
3(32 180 275)
3(117 257 48)
3(117 48 245)
3(60 1 233)
3(60 233 10)
3(1 64 232)
3(52 76 270)
3(80 68 269)
3(68 65 269)
3(0 211 63)
3(229 243 250)
3(229 250 239)
3(198 244 45)
3(198 45 238)
3(118 30 269)
3(118 224 30)
3(235 22 60)
3(69 235 60)
3(69 22 235)
3(140 137 251)
3(91 12 262)
3(91 262 93)
3(217 27 196)
3(73 267 10)
3(11 263 94)
3(104 94 263)
3(11 94 104)
3(11 263 57)
3(14 78 266)
3(117 257 182)
3(45 116 244)
3(45 244 254)
3(45 254 116)
3(145 268 141)
3(28 196 264)
3(217 196 28)
3(198 254 45)
3(94 53 104)
3(189 158 258)
3(23 60 233)
3(23 230 60)
3(63 211 4)
3(63 4 210)
3(64 18 232)
3(64 231 18)
3(135 162 252)
3(65 275 219)
3(209 219 275)
3(153 271 202)
3(120 168 272)
3(33 122 216)
3(79 63 213)
3(213 63 220)
3(60 235 230)
3(60 230 22)
3(63 5 213)
3(210 63 213)
3(210 5 63)
3(231 234 64)
3(231 64 19)
3(121 51 237)
3(196 110 264)
3(225 205 33)
3(182 117 256)
3(213 79 5)
3(198 254 116)
3(269 65 275)
3(51 206 246)
3(245 235 257)
3(154 117 256)
3(65 8 209)
3(240 235 60)
3(224 269 214)
3(240 230 60)
3(241 234 64)
3(94 154 252)
3(257 181 87)
3(257 256 87)
3(56 15 151)
3(250 239 58)
3(98 159 160)
3(98 160 191)
3(98 74 160)
3(160 107 98)
3(90 262 128)
3(128 262 130)
3(262 128 77)
3(127 128 262)
3(254 238 88)
3(254 88 234)
3(254 267 95)
3(95 267 176)
3(64 100 254)
3(64 254 241)
3(254 64 72)
3(72 254 88)
3(64 88 254)
3(155 268 104)
3(96 73 250)
3(269 184 190)
3(257 87 96)
3(255 138 142)
3(267 176 93)
3(34 10 246)
3(262 91 132)
3(115 166 264)
3(264 166 67)
3(166 264 179)
3(86 264 166)
3(62 222 218)
3(62 81 222)
3(222 208 62)
3(222 62 264)
3(74 107 98)
3(74 160 107)
3(107 14 74)
3(107 74 193)
3(61 17 275)
3(272 226 211)
3(10 237 60)
3(60 240 248)
3(250 254 88)
3(274 83 164)
3(261 90 55)
3(272 167 166)
3(273 159 150)
3(237 51 206)
3(216 33 205)
3(64 254 234)
3(257 248 60)
3(62 79 222)
3(222 79 264)
3(79 222 208)
3(79 208 217)
3(79 217 213)
3(222 79 217)
3(217 79 264)
3(217 223 79)
3(7 105 6)
3(105 5 6)
3(8 105 7)
3(8 9 105)
3(9 0 105)
3(4 5 105)
3(0 4 105)
3(21 20 106)
3(20 19 106)
3(22 21 106)
3(106 23 22)
3(18 106 19)
3(106 1 23)
3(106 18 1)
3(130 132 131)
3(108 38 37)
3(130 131 128)
3(164 157 165)
3(36 123 37)
3(147 190 156)
3(35 187 34)
3(35 111 36)
3(37 192 36)
3(40 39 114)
3(34 185 35)
3(186 41 40)
3(38 39 193)
3(146 184 142)
3(41 188 40)
3(199 184 146)
3(138 143 142)
3(194 151 160)
3(147 156 148)
3(124 123 172)
3(156 157 148)
3(184 147 142)
3(147 184 190)
3(165 157 166)
3(159 151 143)
3(200 121 187)
3(133 131 132)
3(36 112 35)
3(39 40 113)
3(128 131 171)
3(175 132 176)
3(174 186 114)
3(173 114 39)
3(107 37 38)
3(143 151 146)
3(123 108 37)
3(36 111 123)
3(186 40 114)
3(155 195 112)
3(200 181 121)
3(159 143 161)
3(121 206 187)
3(176 132 130)
3(123 111 172)
3(35 185 111)
3(160 113 194)
3(146 142 143)
3(159 160 151)
3(145 140 154)
3(126 128 129)
3(39 38 173)
3(188 205 122)
3(157 156 179)
3(186 203 41)
3(190 110 156)
3(206 34 187)
3(131 134 171)
3(195 155 149)
3(34 204 185)
3(112 192 155)
3(40 188 113)
3(162 154 140)
3(193 113 160)
3(35 112 187)
3(177 176 144)
3(193 39 113)
3(199 118 184)
3(192 112 36)
3(172 127 124)
3(174 167 168)
3(147 139 142)
3(41 205 188)
3(166 157 179)
3(107 38 193)
3(151 153 146)
3(107 192 37)
3(114 170 174)
3(128 126 127)
3(133 132 158)
3(165 166 167)
3(190 183 110)
3(178 111 185)
3(114 173 170)
3(151 194 153)
3(138 139 136)
3(166 115 168)
3(123 124 108)
3(164 148 157)
3(116 176 177)
3(112 200 187)
3(122 202 188)
3(116 177 207)
3(132 175 158)
3(172 111 178)
3(108 173 38)
3(161 143 138)
3(176 130 144)
3(171 129 128)
3(150 161 141)
3(182 189 109)
3(107 155 192)
3(184 118 183)
3(129 164 165)
3(178 177 144)
3(131 133 134)
3(197 181 152)
3(189 154 162)
3(113 188 202)
3(145 154 197)
3(156 110 179)
3(195 200 112)
3(174 170 167)
3(124 127 126)
3(49 181 117)
3(146 153 199)
3(26 201 115)
3(194 113 202)
3(50 121 181)
3(145 152 149)
3(139 147 148)
3(206 3 34)
3(183 29 110)
3(116 207 44)
3(136 139 163)
3(150 149 155)
3(201 25 120)
3(150 141 149)
3(152 181 200)
3(169 125 126)
3(34 3 204)
3(203 2 41)
3(2 205 41)
3(185 204 119)
3(135 137 136)
3(163 171 134)
3(178 144 172)
3(125 108 124)
3(149 152 195)
3(107 191 155)
3(207 119 43)
3(201 168 115)
3(175 176 116)
3(109 47 182)
3(108 125 173)
3(203 186 120)
3(145 197 152)
3(144 130 127)
3(159 150 191)
3(167 169 165)
3(169 170 125)
3(115 196 27)
3(119 204 42)
3(196 115 179)
3(153 180 199)
3(158 162 133)
3(124 126 125)
3(175 198 109)
3(138 136 137)
3(122 180 202)
3(180 118 199)
3(24 203 120)
3(207 177 119)
3(171 163 164)
3(134 136 163)
3(137 141 161)
3(158 175 109)
3(133 135 134)
3(163 148 164)
3(129 165 169)
3(174 120 186)
3(197 117 181)
3(154 189 182)
3(167 170 169)
3(185 119 178)
3(171 164 129)
3(144 127 172)
3(169 126 129)
3(32 31 180)
3(134 135 136)
3(181 49 50)
3(29 28 110)
3(25 24 120)
3(46 47 109)
3(173 125 170)
3(139 148 163)
3(42 43 119)
3(122 32 180)
3(140 141 137)
3(178 119 177)
3(109 198 46)
3(137 135 140)
3(180 31 118)
3(118 30 183)
3(117 182 48)
3(145 141 140)
3(27 26 115)
3(45 116 44)
3(137 161 138)
3(162 158 189)
3(135 133 162)
3(162 140 135)
3(117 48 49)
3(153 202 180)
3(141 145 149)
3(189 158 109)
3(174 168 120)
3(33 32 122)
3(121 50 51)
3(196 179 110)
3(150 155 191)
3(110 28 196)
3(205 2 33)
3(47 48 182)
3(200 195 152)
3(29 183 30)
3(198 116 45)
3(31 30 118)
3(194 202 153)
3(51 3 206)
3(182 117 154)
3(203 24 2)
3(3 42 204)
3(197 154 117)
3(120 168 201)
3(175 116 198)
3(26 25 201)
3(198 45 46)
3(207 43 44)
3(28 27 196)
3(160 159 191)
3(160 191 107)
3(127 130 128)
3(190 184 183)
3(138 142 139)
3(115 166 179)
3(107 193 160)
3(167 166 168)
3(150 159 161)
3(51 206 121)
3(205 33 122)
3(212 216 225)
3(226 211 221)
3(221 212 225)
3(213 220 223)
3(215 228 210)
3(221 211 212)
3(210 228 220)
3(208 218 214)
3(211 0 212)
3(2 226 221)
3(2 221 225)
3(29 218 222)
3(25 228 215)
3(209 8 214)
3(224 31 219)
3(26 223 220)
3(228 26 220)
3(7 208 214)
3(212 209 216)
3(227 32 216)
3(217 28 222)
3(24 215 226)
3(6 213 208)
3(209 212 9)
3(30 224 218)
3(31 227 219)
3(209 227 216)
3(211 215 210)
3(32 227 31)
3(222 28 29)
3(215 24 25)
3(214 219 209)
3(223 27 217)
3(27 223 26)
3(4 211 210)
3(33 216 32)
3(210 213 5)
3(225 33 2)
3(29 30 218)
3(224 30 31)
3(227 209 219)
3(2 24 226)
3(26 228 25)
3(28 217 27)
3(224 214 218)
3(212 0 9)
3(210 220 213)
3(219 214 224)
3(211 4 0)
3(7 6 208)
3(213 6 5)
3(209 9 8)
3(8 7 214)
3(5 4 210)
3(222 218 208)
3(211 226 215)
3(216 33 225)
3(213 217 208)
3(217 222 208)
3(217 213 223)
3(232 236 247)
3(237 233 246)
3(247 242 232)
3(246 233 242)
3(231 249 236)
3(230 237 248)
3(49 240 248)
3(242 233 232)
3(231 241 249)
3(238 234 229)
3(1 232 233)
3(235 239 229)
3(47 243 239)
3(242 3 246)
3(3 242 247)
3(50 248 237)
3(245 240 49)
3(241 244 44)
3(249 43 236)
3(234 20 229)
3(21 235 229)
3(241 44 249)
3(239 245 48)
3(46 238 243)
3(247 236 42)
3(244 241 234)
3(234 238 244)
3(237 230 233)
3(231 236 232)
3(248 50 49)
3(46 243 47)
3(42 236 43)
3(229 239 243)
3(45 244 238)
3(45 44 244)
3(23 233 230)
3(18 231 232)
3(245 49 48)
3(235 22 230)
3(231 19 234)
3(50 237 51)
3(47 239 48)
3(51 246 3)
3(239 235 245)
3(243 238 229)
3(3 247 42)
3(45 238 46)
3(44 43 249)
3(245 235 240)
3(240 235 230)
3(231 234 241)
3(23 1 233)
3(1 18 232)
3(20 21 229)
3(19 20 234)
3(235 21 22)
3(22 23 230)
3(19 231 18)
3(248 240 230)
3(237 246 51)
)


// ************************************************************************* //
