/*--------------------------------*- C++ -*----------------------------------*\
  =========                 |
  \\      /  F ield         | OpenFOAM: The Open Source CFD Toolbox
   \\    /   O peration     | Website:  https://openfoam.org
    \\  /    A nd           | Version:  11
     \\/     M anipulation  |
\*---------------------------------------------------------------------------*/
FoamFile
{
    format      ascii;
    class       labelList;
    note        "nPoints:276  nCells:1009  nFaces:2205  nInternalFaces:1831";
    location    "constant/polyMesh";
    object      neighbour;
}
// * * * * * * * * * * * * * * * * * * * * * * * * * * * * * * * * * * * * * //


1831
(
2
12
14
109
5
110
145
567
24
40
108
4
7
13
83
5
18
28
7
36
8
9
10
110
134
949
9
11
17
596
629
29
38
948
17
62
114
15
30
649
16
19
587
15
22
695
919
18
921
140
845
27
542
83
922
34
61
64
77
48
75
292
771
91
920
34
46
84
475
42
78
91
26
42
108
776
56
59
788
96
924
36
94
96
41
62
206
40
925
34
61
84
988
35
37
112
732
53
71
122
790
350
97
227
830
38
111
88
113
844
41
111
58
80
369
722
50
898
65
981
54
688
63
116
707
883
51
87
170
586
48
68
70
79
64
270
398
48
68
75
561
769
55
67
82
934
74
923
89
465
522
54
78
737
816
90
728
831
59
669
85
232
839
72
509
850
82
85
116
631
76
93
827
72
650
69
81
93
720
549
584
115
907
75
117
616
103
590
94
805
806
92
97
112
956
102
698
741
530
807
84
573
829
103
281
869
72
509
977
882
80
95
517
909
78
911
86
80
101
641
103
528
547
105
103
581
731
909
84
107
697
125
682
100
794
117
867
117
390
974
90
163
437
95
803
834
102
182
709
135
861
99
884
114
121
952
101
107
104
106
395
638
98
825
115
907
104
926
105
927
106
928
755
793
426
933
916
917
918
160
796
109
788
379
544
111
679
636
113
743
792
795
115
853
847
117
148
845
907
931
956
124
125
682
958
151
171
432
620
130
140
952
186
442
968
126
158
173
573
136
309
626
144
194
155
200
215
131
151
210
907
152
157
183
365
135
153
196
237
167
298
956
171
403
931
153
204
263
955
136
148
496
883
205
567
984
163
186
144
520
159
164
182
261
168
188
243
280
192
203
308
861
298
629
339
373
666
987
161
194
326
934
164
373
710
987
148
293
371
459
936
172
174
513
993
156
165
269
296
390
159
180
238
709
152
209
404
675
346
981
197
449
186
450
163
170
237
300
829
940
964
165
193
276
206
404
477
200
229
333
222
323
274
377
950
279
364
933
167
421
564
953
282
222
531
381
451
179
284
503
519
422
957
306
317
526
189
324
668
737
214
244
190
653
288
390
938
297
427
989
305
736
937
259
278
382
219
383
982
270
325
402
590
248
249
355
638
223
285
852
339
670
986
202
236
257
439
214
426
206
307
847
193
202
665
749
217
289
294
933
397
279
372
426
958
218
330
398
271
386
532
931
1001
227
315
401
844
196
262
277
275
588
290
293
208
267
894
977
321
955
209
461
479
244
265
286
428
368
388
755
793
964
214
261
300
657
275
281
277
286
643
267
378
442
558
587
935
278
215
297
352
941
262
308
506
570
947
227
327
411
283
344
850
966
213
224
357
370
361
409
372
940
379
541
649
772
289
301
465
228
242
370
346
963
994
221
240
359
491
230
304
522
986
284
430
929
280
384
771
240
320
340
632
291
434
609
930
233
250
387
351
641
965
251
328
394
232
239
252
839
349
976
241
246
453
247
332
338
387
238
320
366
437
281
511
528
321
323
499
258
409
485
393
437
255
266
457
250
270
487
335
398
869
313
372
351
355
434
609
255
466
343
423
354
375
550
354
358
960
473
345
353
258
353
469
295
338
374
494
256
272
394
413
423
273
447
297
352
454
438
307
406
696
294
349
429
934
312
531
472
955
405
500
954
287
790
968
990
277
313
374
431
830
509
818
285
388
430
842
436
492
577
274
391
420
997
273
392
462
483
325
460
276
352
336
869
785
806
290
428
370
526
807
312
366
446
287
347
882
363
613
594
617
356
586
524
966
293
326
407
356
518
958
363
608
930
319
357
974
572
424
502
514
551
436
534
588
350
512
845
363
503
564
803
312
342
424
652
382
406
576
962
344
347
435
634
353
417
770
319
702
939
416
474
415
431
637
978
523
615
959
311
386
420
580
385
419
579
321
399
433
482
529
327
410
535
322
324
391
719
335
474
635
414
521
617
951
402
769
499
990
376
589
978
366
650
693
367
598
429
403
342
345
462
375
554
743
946
338
387
416
388
430
463
929
343
369
473
427
497
467
514
585
961
336
943
492
943
354
375
713
945
722
741
777
393
480
990
362
405
493
607
444
465
466
400
624
469
411
995
452
505
455
574
784
979
464
975
528
988
355
497
360
550
364
486
361
487
412
961
965
394
425
438
515
485
378
970
972
625
428
415
449
645
484
482
516
950
445
471
525
377
380
542
565
935
481
610
698
423
502
614
392
440
540
396
460
405
582
582
818
401
414
833
451
546
616
508
508
962
409
611
627
504
980
504
525
410
539
659
932
561
440
996
444
728
425
831
494
732
960
414
951
446
619
969
475
441
443
548
435
776
1008
466
535
487
598
410
537
947
746
457
678
572
992
467
479
533
945
555
676
453
585
964
425
488
831
628
684
745
551
491
515
705
435
870
1007
447
470
680
483
681
422
489
578
556
879
464
779
698
605
739
938
457
684
478
981
1001
443
566
760
517
638
688
801
522
555
454
690
762
483
513
548
731
509
850
527
691
462
612
471
603
720
484
488
584
593
603
988
708
763
500
619
666
707
468
495
510
963
605
669
816
980
516
521
951
470
583
692
979
512
563
679
473
847
853
946
859
930
469
586
604
510
536
688
488
980
529
697
506
600
800
829
941
536
574
784
537
785
783
983
543
763
866
991
657
959
549
590
969
976
518
643
726
507
578
597
532
622
1000
632
635
500
662
734
722
961
505
642
654
511
530
807
751
507
554
614
663
738
554
601
853
952
798
659
834
571
651
711
623
758
597
865
559
574
669
552
557
556
936
561
769
604
694
815
545
672
641
929
888
539
613
727
523
557
756
594
701
709
667
711
991
754
760
699
566
595
993
593
549
584
560
561
774
639
811
543
713
602
799
987
628
913
914
558
646
944
606
789
589
612
569
582
908
660
921
570
776
972
1002
566
672
674
591
627
725
581
584
593
560
581
697
768
694
553
560
593
599
648
691
953
718
647
730
599
762
896
985
805
806
581
623
633
889
915
565
723
892
792
795
660
674
629
936
647
658
820
656
971
618
664
737
816
849
720
989
592
576
661
962
678
591
677
752
625
791
580
680
681
970
592
726
761
733
861
646
921
799
729
757
731
611
712
621
642
655
864
767
992
601
853
948
715
702
686
756
838
954
629
984
775
986
786
989
832
773
676
727
662
885
625
854
751
854
626
631
682
699
718
652
899
753
768
667
689
817
627
771
755
852
644
717
841
875
653
874
673
813
714
910
721
824
703
742
748
791
689
749
867
881
822
898
925
666
707
797
721
759
651
843
752
679
764
1001
729
750
758
803
640
714
789
879
932
793
673
901
750
664
846
708
819
922
715
880
686
786
836
656
925
894
977
654
888
811
903
701
727
919
817
715
724
814
795
844
924
890
963
812
753
780
835
675
689
690
765
725
766
693
704
882
706
738
775
719
782
802
876
903
864
905
881
712
801
897
845
895
878
698
730
804
892
798
734
848
1005
810
724
744
896
870
710
766
767
826
761
895
782
860
800
700
919
1003
745
897
796
752
920
1004
881
876
828
848
1008
911
923
706
740
797
712
777
749
905
741
765
774
901
740
902
804
862
746
824
908
747
998
815
823
868
793
837
887
827
764
900
910
814
835
777
867
779
861
978
757
863
840
880
769
830
946
800
942
812
877
772
787
809
889
876
993
911
797
773
786
858
815
770
828
843
792
953
780
835
904
819
838
885
781
944
875
967
883
863
858
902
786
836
859
796
849
823
837
778
891
826
842
813
766
810
832
900
1000
799
849
865
777
839
869
822
915
810
817
801
850
802
808
837
866
781
985
821
851
891
855
982
856
857
822
860
898
809
818
899
831
882
893
803
873
922
999
957
950
832
808
823
840
862
916
982
918
883
818
894
917
896
935
851
904
838
887
871
900
924
836
829
965
906
847
834
852
909
844
867
879
846
851
886
864
877
906
886
909
865
916
926
917
927
918
928
859
889
891
888
901
996
884
913
912
926
884
913
927
914
928
995
877
997
893
920
902
894
994
910
899
923
912
915
983
998
930
932
957
934
936
938
939
973
973
941
942
943
943
985
999
946
960
948
998
949
984
999
951
953
955
957
959
961
963
965
967
968
969
969
971
972
1003
1002
974
975
976
976
978
980
982
1000
985
987
989
991
993
995
997
999
1001
1003
1005
1006
1006
1007
1006
1008
1008
)


// ************************************************************************* //
