/*--------------------------------*- C++ -*----------------------------------*\
  =========                 |
  \\      /  F ield         | OpenFOAM: The Open Source CFD Toolbox
   \\    /   O peration     | Website:  https://openfoam.org
    \\  /    A nd           | Version:  11
     \\/     M anipulation  |
\*---------------------------------------------------------------------------*/
FoamFile
{
    format      ascii;
    class       vectorField;
    location    "constant/polyMesh";
    object      points;
}
// * * * * * * * * * * * * * * * * * * * * * * * * * * * * * * * * * * * * * //


276
(
(5 4.89859e-17 0.2)
(0 4.89859e-17 0.2)
(5 2.44929e-16 1)
(0 2.44929e-16 1)
(5 -0.156366 0.124698)
(5 -0.194986 -0.0445042)
(5 -0.0867767 -0.180194)
(5 0.0867767 -0.180194)
(5 0.194986 -0.0445042)
(5 0.156366 0.124698)
(0.555556 4.89859e-17 0.2)
(1.11111 4.89859e-17 0.2)
(1.66667 4.89859e-17 0.2)
(2.22222 4.89859e-17 0.2)
(2.77778 4.89859e-17 0.2)
(3.33333 4.89859e-17 0.2)
(3.88889 4.89859e-17 0.2)
(4.44444 4.89859e-17 0.2)
(0 -0.156366 0.124698)
(0 -0.194986 -0.0445042)
(0 -0.0867767 -0.180194)
(0 0.0867767 -0.180194)
(0 0.194986 -0.0445042)
(0 0.156366 0.124698)
(5 -0.540641 0.841254)
(5 -0.909632 0.415415)
(5 -0.989821 -0.142315)
(5 -0.75575 -0.654861)
(5 -0.281733 -0.959493)
(5 0.281733 -0.959493)
(5 0.75575 -0.654861)
(5 0.989821 -0.142315)
(5 0.909632 0.415415)
(5 0.540641 0.841254)
(0.555556 2.44929e-16 1)
(1.11111 2.44929e-16 1)
(1.66667 2.44929e-16 1)
(2.22222 2.44929e-16 1)
(2.77778 2.44929e-16 1)
(3.33333 2.44929e-16 1)
(3.88889 2.44929e-16 1)
(4.44444 2.44929e-16 1)
(0 -0.540641 0.841254)
(0 -0.909632 0.415415)
(0 -0.989821 -0.142315)
(0 -0.75575 -0.654861)
(0 -0.281733 -0.959493)
(0 0.281733 -0.959493)
(0 0.75575 -0.654861)
(0 0.989821 -0.142315)
(0 0.909632 0.415415)
(0 0.540641 0.841254)
(2.54483 0.130874 -0.151235)
(1.43656 0.133642 -0.148794)
(3.61111 -0.134261 -0.148236)
(1.80515 0.0982721 -0.174191)
(3.15998 0.116987 -0.162216)
(0.962462 0.126513 -0.154902)
(0.151279 -0.00302737 -0.199977)
(0.549984 0.16046 -0.119385)
(0.148991 0.194986 0.0445042)
(4.16667 0.134261 -0.148236)
(4.85655 0.0261599 -0.198282)
(4.85101 -0.194986 0.0445042)
(0.148991 -0.194986 0.0445042)
(4.76779 0.195785 0.040842)
(2.09808 0.193108 -0.0520503)
(4.32836 -0.145544 -0.137174)
(4.47517 0.190152 -0.0619866)
(0.152056 0.152134 -0.129828)
(0.332549 0.0847739 -0.181145)
(0.365597 0.199903 -0.00623793)
(0.304381 -0.113798 -0.164469)
(0.697614 -0.143036 -0.139788)
(2.89609 0.199579 0.0129668)
(2.82129 -0.012761 -0.199592)
(2.53557 -0.147559 -0.135005)
(2.09964 -0.172421 -0.101346)
(3.0268 -0.192573 -0.0539975)
(4.83394 -0.144854 -0.137904)
(4.84794 0.160426 -0.11943)
(4.67492 0.0629136 -0.189847)
(2.23607 0.0306332 -0.19764)
(3.30472 -0.118128 -0.161387)
(3.47144 0.166499 -0.110806)
(3.83276 0.1322 -0.150077)
(3.98942 -0.173489 -0.099507)
(0.783861 0.194041 0.0484577)
(0.132664 -0.144494 -0.13828)
(2.02876 0.0260087 -0.198302)
(1.84277 -0.144024 -0.13877)
(1.5734 -0.0756477 -0.185142)
(1.60444 0.131555 -0.150643)
(1.31036 -0.122296 -0.158252)
(1.1765 0.11466 -0.163869)
(1.03377 -0.113535 -0.164651)
(0.757125 0.0736165 -0.185959)
(2.30672 0.181539 -0.0839251)
(2.51939 0.182359 0.0821282)
(0.519327 -0.0331981 -0.197225)
(0.453079 -0.197589 -0.030962)
(4.61742 -0.188445 -0.0669957)
(1.83806 0.184739 0.0766259)
(2.77357 -0.199511 -0.0139815)
(1.50917 0.182479 0.0818619)
(5 -7.93016e-17 -2.93416e-16)
(0 -7.93016e-17 -2.93416e-16)
(2.5 0.466996 0.884259)
(2.50017 -0.467349 0.884073)
(0.523596 -0.0883625 -0.996088)
(4.47704 -0.0909871 -0.995852)
(1.38234 -0.466998 0.884258)
(1.39305 0.477477 0.878645)
(3.60491 0.487706 0.873008)
(3.61111 -0.466996 0.884259)
(4.50543 -0.91914 -0.393931)
(0.482921 -0.916429 -0.400198)
(0.498941 0.896158 -0.443735)
(4.5237 0.902314 -0.43108)
(0.486949 -0.800672 0.599102)
(4.50065 -0.785407 0.61898)
(0.447495 0.739537 0.673116)
(4.55349 0.739974 0.672635)
(1.94294 -0.467606 0.883937)
(2.22196 -0.827053 0.562124)
(2.77951 -0.826806 0.562487)
(2.50154 -0.994104 0.108431)
(1.94243 -0.994143 0.108069)
(2.22269 -0.928174 -0.372147)
(2.78236 -0.928534 -0.371248)
(1.66235 -0.928181 -0.37213)
(1.94286 -0.643414 -0.765518)
(1.38224 -0.643161 -0.765731)
(1.66236 -0.206549 -0.978436)
(2.22351 -0.206792 -0.978385)
(1.94313 0.278905 -0.960319)
(2.50417 0.278602 -0.960407)
(2.22413 0.698612 -0.715501)
(2.78495 0.698366 -0.715741)
(3.06551 0.278123 -0.960545)
(1.66305 0.698705 -0.71541)
(1.94352 0.953315 -0.301977)
(3.36646 0.708058 -0.706154)
(3.06911 0.953923 -0.300051)
(1.38232 -0.994056 0.108868)
(1.39923 0.956175 -0.292794)
(3.62876 0.955254 -0.295787)
(3.62716 0.277665 -0.960678)
(3.34596 -0.208386 -0.978047)
(1.66622 0.985322 0.170704)
(2.22471 0.985933 0.167143)
(3.34744 0.98536 0.170489)
(1.12281 0.985945 0.167071)
(3.88777 0.986075 0.166301)
(1.0335 0.719417 -0.694579)
(1.94428 0.778987 0.62704)
(3.89475 -0.190356 -0.981715)
(3.6218 -0.644615 -0.764507)
(1.10979 -0.186203 -0.982511)
(2.786 0.986303 0.164942)
(3.06645 0.782023 0.623249)
(2.50346 0.95346 -0.301518)
(1.38301 0.287536 -0.95777)
(2.78478 -0.207624 -0.978209)
(3.06475 -0.645486 -0.763772)
(3.34448 -0.929325 -0.369262)
(3.90879 -0.928832 -0.3705)
(3.62572 -0.993536 0.113513)
(4.18197 -0.992317 0.123723)
(3.06045 -0.994007 0.109317)
(3.33844 -0.825947 0.563748)
(2.50349 -0.643959 -0.76506)
(1.65406 -0.82803 0.560684)
(3.05672 -0.467309 0.884094)
(3.90041 -0.817052 0.576564)
(0.82672 -0.615448 -0.788178)
(1.08815 -0.924074 -0.382215)
(0.803416 -0.993606 0.112904)
(1.07365 -0.826644 0.562725)
(4.17251 -0.620474 -0.784227)
(4.44686 0.987667 0.15657)
(0.55966 0.987907 0.155046)
(0.48601 0.541084 -0.840968)
(4.52459 0.525354 -0.850884)
(3.98219 0.719942 -0.694035)
(0.855443 -0.455346 0.890315)
(4.14456 -0.455346 0.890315)
(0.821891 0.441964 0.897033)
(4.17869 0.443697 0.896177)
(0.896919 0.278284 -0.960499)
(4.11398 0.278113 -0.960548)
(2.50429 0.850514 0.525953)
(1.94525 0.366593 0.930382)
(3.05649 0.369668 0.929164)
(3.59669 0.860204 0.509949)
(1.41108 0.85801 0.513633)
(4.6259 -0.540641 -0.841254)
(0.922827 0.97128 -0.237938)
(0.369285 -0.540641 -0.841254)
(4.08613 0.969594 -0.24472)
(0.929015 0.821419 0.570326)
(4.64534 -0.989821 0.142315)
(4.0769 0.823637 0.567117)
(4.58541 -0.404772 0.914417)
(0.414588 -0.404772 0.914417)
(4.58541 0.404772 0.914417)
(0.396512 0.389905 0.920855)
(0.341502 -0.990967 0.134103)
(5 -9.31965e-16 -0.330496)
(5 0.322209 0.0735422)
(5 -0.322209 0.0735422)
(5 -0.143397 0.297766)
(5 0.143397 0.297766)
(5 -0.258392 -0.206061)
(5 0.258392 -0.206061)
(5 -0.456593 0.38081)
(5 0.456593 0.38081)
(5 -0.292163 -0.542635)
(5 0.292163 -0.542635)
(5 0.519507 -0.101846)
(5 -0.519507 -0.101846)
(5 8.27831e-16 0.524315)
(5 -8.77076e-16 -0.66695)
(5 -0.563126 -0.329543)
(5 0.563126 -0.329543)
(5 0.228126 0.608829)
(5 -0.228126 0.608829)
(5 0.639552 0.125121)
(5 -0.639552 0.125121)
(0 -8.93558e-16 -0.330496)
(0 0.322209 0.0735422)
(0 -0.322209 0.0735422)
(0 -0.143397 0.297766)
(0 0.143397 0.297766)
(0 -0.258392 -0.206061)
(0 0.258392 -0.206061)
(0 -0.456593 0.38081)
(0 0.456593 0.38081)
(0 -0.292163 -0.542635)
(0 0.292163 -0.542635)
(0 0.519507 -0.101846)
(0 -0.519507 -0.101846)
(0 8.2179e-16 0.515564)
(0 -8.88178e-16 -0.66695)
(0 -0.563126 -0.329543)
(0 0.563126 -0.329543)
(0 0.228126 0.607079)
(0 -0.228126 0.607079)
(0 0.639552 0.125121)
(0 -0.639552 0.125121)
(0.349016 -0.0491082 -0.533174)
(2.00226 0.410957 -0.440547)
(1.64796 0.0939169 -0.617196)
(2.78264 -0.430006 -0.436447)
(0.474963 -0.463104 -0.397834)
(3.09007 -0.0896685 -0.589733)
(0.772127 0.528395 -0.320341)
(0.369671 0.451219 -0.300898)
(0.947512 0.00915523 -0.595556)
(2.26142 0.536493 0.191565)
(2.42457 -0.470911 0.250147)
(2.13362 0.0350102 -0.623897)
(1.56075 -0.503627 0.113276)
(1.14886 0.503945 0.123522)
(4.5619 -0.228035 -0.506015)
(3.36105 -0.546844 0.126325)
(2.97075 -0.407328 0.375943)
(0.800843 -0.470424 0.270882)
(1.70602 0.58963 -0.122319)
(4.64799 0.422958 -0.306953)
(2.56722 -0.0336739 -0.562263)
(3.99577 0.492517 0.164354)
(4.34322 -0.497836 0.229761)
(2.43303 0.513072 -0.360546)
(2.90793 -0.616411 -0.057846)
(4.58052 0.576036 0.0849955)
)


// ************************************************************************* //
