$MeshFormat
2.2 0 8
$EndMeshFormat
$PhysicalNames
1
3 112 "tube_fluid"
$EndPhysicalNames
$Nodes
195
1 1 0 0
2 0 1 0
3 0 -1 0
4 -1 0 0
5 0 -1 20
6 1 0 20
7 0 1 20
8 -1 0 20
9 0.7071067795767627 0.7071067827963323 0
10 -0.7071067827963323 0.7071067795767627 0
11 -0.7071067795767627 -0.7071067827963323 0
12 0.7071067827963323 -0.7071067795767627 0
13 0.7071067827963323 -0.7071067795767627 20
14 0.7071067795767627 0.7071067827963323 20
15 -0.7071067827963323 0.7071067795767627 20
16 -0.7071067795767627 -0.7071067827963323 20
17 0 -1 0.9999999999991025
18 0 -1 1.999999999998379
19 0 -1 2.99999999999657
20 0 -1 3.999999999993654
21 0 -1 4.999999999990736
22 0 -1 5.99999999998782
23 0 -1 6.999999999984902
24 0 -1 7.999999999982053
25 0 -1 8.999999999983299
26 0 -1 9.999999999984821
27 0 -1 10.99999999998634
28 0 -1 11.99999999998786
29 0 -1 12.99999999998939
30 0 -1 13.99999999999091
31 0 -1 14.99999999999243
32 0 -1 15.99999999999396
33 0 -1 16.99999999999547
34 0 -1 17.99999999999698
35 0 -1 18.99999999999849
36 1 0 0.9999999999991025
37 1 0 1.999999999998379
38 1 0 2.99999999999657
39 1 0 3.999999999993654
40 1 0 4.999999999990736
41 1 0 5.99999999998782
42 1 0 6.999999999984902
43 1 0 7.999999999982053
44 1 0 8.999999999983299
45 1 0 9.999999999984821
46 1 0 10.99999999998634
47 1 0 11.99999999998786
48 1 0 12.99999999998939
49 1 0 13.99999999999091
50 1 0 14.99999999999243
51 1 0 15.99999999999396
52 1 0 16.99999999999547
53 1 0 17.99999999999698
54 1 0 18.99999999999849
55 0 1 0.9999999999991025
56 0 1 1.999999999998379
57 0 1 2.99999999999657
58 0 1 3.999999999993654
59 0 1 4.999999999990736
60 0 1 5.99999999998782
61 0 1 6.999999999984902
62 0 1 7.999999999982053
63 0 1 8.999999999983299
64 0 1 9.999999999984821
65 0 1 10.99999999998634
66 0 1 11.99999999998786
67 0 1 12.99999999998939
68 0 1 13.99999999999091
69 0 1 14.99999999999243
70 0 1 15.99999999999396
71 0 1 16.99999999999547
72 0 1 17.99999999999698
73 0 1 18.99999999999849
74 -1 0 0.9999999999991025
75 -1 0 1.999999999998379
76 -1 0 2.99999999999657
77 -1 0 3.999999999993654
78 -1 0 4.999999999990736
79 -1 0 5.99999999998782
80 -1 0 6.999999999984902
81 -1 0 7.999999999982053
82 -1 0 8.999999999983299
83 -1 0 9.999999999984821
84 -1 0 10.99999999998634
85 -1 0 11.99999999998786
86 -1 0 12.99999999998939
87 -1 0 13.99999999999091
88 -1 0 14.99999999999243
89 -1 0 15.99999999999396
90 -1 0 16.99999999999547
91 -1 0 17.99999999999698
92 -1 0 18.99999999999849
93 0.268765817223823 0.1113264469548191 0
94 -0.3632776934576478 -0.1504745480222367 0
95 -0.1902402587220213 0.4476830150213186 0
96 0.1820395197735081 -0.4510798723262105 0
97 0.718909611120032 -0.6951035685703565 5.499999999985478
98 0.7189096111138108 -0.6951035685767908 7.499999998160365
99 0.7211703848711256 -0.6927577325334107 4.499703851044788
100 0.7190540654332693 -0.6949541358851586 6.499999999432213
101 0.7217421238123283 -0.6921620523510876 3.499943751159801
102 0.7223047881888475 -0.6915748643201719 2.499999999997474
103 0.7211703848717971 -0.6927577325327117 8.500296149314
104 0.7223047881888475 -0.6915748643201719 1.499999999998741
105 0.7217421238139576 -0.6921620523493887 9.500056248887665
106 0.7189096111320803 -0.6951035685578956 17.49999999999242
107 0.7223047881888467 -0.6915748643201727 18.49999999999773
108 0.7223047881888475 -0.6915748643201719 16.49999999999471
109 0.7189096111365019 -0.6951035685533227 15.50000000364913
110 0.7223047881888476 -0.6915748643201718 12.49999999998862
111 0.7223047881888475 -0.6915748643201719 10.49999999998558
112 0.722304788188848 -0.6915748643201712 11.4999999999871
113 0.7211703848762161 -0.6927577325281115 14.49970385297485
114 0.7217421238161147 -0.6921620523471395 13.49994375234148
115 0.6621631914409364 -0.7493596652481062 19.24432457462314
116 0.6621631934353689 -0.7493596634857486 0.7556754214044958
117 0.7223047926428284 0.6915748596682797 5.499999999989278
118 0.7223047926428281 0.6915748596682799 6.499999999986361
119 0.7223047926428275 0.6915748596682805 7.499999999983478
120 0.6951035685703423 0.7189096111200458 3.499999999994831
121 0.6915748643201719 0.7223047881888475 4.499999999992195
122 0.6927577325333747 0.7211703848711601 2.49970385138691
123 0.7223047926428281 0.6915748596682799 8.499999999982677
124 0.6915748643201719 0.7223047881888475 1.499999999998741
125 0.7189096145889584 0.6951035649826257 9.500000000096474
126 0.6915748643201719 0.7223047881888475 18.49999999999773
127 0.6915748643201719 0.7223047881888475 17.49999999999623
128 0.6915748643201719 0.7223047881888475 16.49999999999471
129 0.6915748643201719 0.7223047881888475 15.49999999999319
130 0.6951035685533227 0.7189096111365019 12.49999999633269
131 0.7223047926428281 0.6915748596682799 10.49999999998558
132 0.6915748643201719 0.7223047881888475 11.4999999999871
133 0.6915748643201719 0.7223047881888475 13.49999999999015
134 0.6951035685533227 0.7189096111365019 14.50000000364761
135 0.7493596652481055 0.6621631914409373 19.24432457462315
136 0.7493596634857486 0.6621631934353689 0.7556754214044958
137 -0.7223047881888475 0.6915748643201719 5.499999999989278
138 -0.6915748596682806 0.7223047926428274 7.499999999983478
139 -0.7223047881888475 0.6915748643201719 4.499999999992195
140 -0.7223047881888468 0.6915748643201726 6.499999999986361
141 -0.722304788188848 0.6915748643201712 3.499999999995112
142 -0.6915748596682801 0.7223047926428279 2.499999999997474
143 -0.6915748596682799 0.7223047926428281 8.499999999982677
144 -0.6915748596682799 0.7223047926428281 1.499999999998741
145 -0.6915748596682799 0.7223047926428281 9.499999999984061
146 -0.7223047881888475 0.6915748643201719 18.49999999999773
147 -0.7223047881888475 0.6915748643201719 17.49999999999623
148 -0.7223047881888475 0.6915748643201719 16.49999999999471
149 -0.7223047881888475 0.6915748643201719 15.49999999999319
150 -0.7189096111365019 0.6951035685533227 12.49999999633269
151 -0.7223047881888475 0.6915748643201719 10.49999999998558
152 -0.721170384877228 0.6927577325270581 11.49970385180723
153 -0.7223047881888475 0.6915748643201719 13.49999999999015
154 -0.7189096111365019 0.6951035685533227 14.50000000364761
155 -0.7493596634056884 0.6621631935259716 0.7556754222970253
156 -0.6621631914409373 0.7493596652481055 19.24432457462315
157 -0.7223047926428281 -0.6915748596682799 6.499999999986361
158 -0.7223047926428281 -0.6915748596682799 5.499999999989278
159 -0.722304792642828 -0.69157485966828 7.499999999983478
160 -0.7223047926428281 -0.6915748596682799 3.499999999995112
161 -0.722304792642828 -0.69157485966828 4.499999999992195
162 -0.7189096145754652 -0.695103564996581 2.499999999982874
163 -0.7223047926428272 -0.6915748596682808 8.499999999982677
164 -0.7223047926428281 -0.6915748596682799 1.499999999998741
165 -0.7223047926428281 -0.6915748596682799 9.499999999984061
166 -0.6915748643201719 -0.7223047881888475 18.49999999999773
167 -0.6915748643201727 -0.7223047881888467 17.49999999999623
168 -0.6915748643201719 -0.7223047881888475 15.49999999999319
169 -0.6915748643201719 -0.7223047881888475 16.49999999999471
170 -0.722304792642828 -0.69157485966828 12.49999999998862
171 -0.7223047926428277 -0.6915748596682804 10.49999999998558
172 -0.7223047926428281 -0.6915748596682799 11.4999999999871
173 -0.6951035685533364 -0.7189096111364885 14.50000000365141
174 -0.691574864320173 -0.7223047881888464 13.49999999999015
175 -0.6621631935259716 -0.7493596634056884 0.7556754222970253
176 -0.7493596652481055 -0.6621631914409373 19.24432457462315
177 -0.2687658179415272 0.1113264465352553 20
178 0.3632776930886966 -0.1504745469004856 20
179 -0.1820395185523889 -0.4510798721275172 20
180 0.1902402574066136 0.4476830148835537 20
181 -0.04429986539907377 -0.026710641357499 0.8985059231259461
182 0.04429986496918975 -0.02671064077848156 19.1014940764307
183 -0.002471436668161187 -2.442490654175344e-15 2.746429738918783
184 2.159847398708337e-07 -9.937428737449849e-06 13.74998551105556
185 0 0 9.750028124436243
186 0 0 4.749999999991465
187 0 0 6.749999999985632
188 1.110223024625157e-16 0 16.74999999999509
189 0 0 15.24999999999281
190 0 0 8.249999999982364
191 0 0 12.24999999816028
192 0 0 10.77502306223776
193 0 0 17.77499999999543
194 0.0298823636012443 -0.01071599725114725 3.748176484792388
195 -0.01334379300038144 -0.03125000000273404 5.749999999988548
$EndNodes
$Elements
476
1 4 2 112 1 124 181 37 183
2 4 2 112 1 56 181 124 183
3 4 2 112 1 37 181 104 183
4 4 2 112 1 104 181 18 183
5 4 2 112 1 144 181 56 183
6 4 2 112 1 144 75 181 183
7 4 2 112 1 18 181 164 183
8 4 2 112 1 75 164 181 183
9 4 2 112 1 98 187 159 190
10 4 2 112 1 173 113 184 189
11 4 2 112 1 44 185 63 190
12 4 2 112 1 82 63 185 190
13 4 2 112 1 44 25 185 190
14 4 2 112 1 82 185 25 190
15 4 2 112 1 51 32 188 189
16 4 2 112 1 89 70 188 189
17 4 2 112 1 32 89 188 189
18 4 2 112 1 70 51 188 189
19 4 2 112 1 154 184 134 189
20 4 2 112 1 173 184 154 189
21 4 2 112 1 67 184 86 191
22 4 2 112 1 67 48 184 191
23 4 2 112 1 86 184 29 191
24 4 2 112 1 29 184 48 191
25 4 2 112 1 138 187 119 190
26 4 2 112 1 159 187 138 190
27 4 2 112 1 113 134 184 189
28 4 2 112 1 119 187 98 190
29 4 2 112 1 172 191 112 192
30 4 2 112 1 112 191 132 192
31 4 2 112 1 152 132 191 192
32 4 2 112 1 152 191 172 192
33 4 2 112 1 112 172 28 191
34 4 2 112 1 159 98 23 187
35 4 2 112 1 24 98 159 190
36 4 2 112 1 172 112 27 192
37 4 2 112 1 173 31 113 189
38 4 2 112 1 30 173 113 184
39 4 2 112 1 44 125 63 185
40 4 2 112 1 44 103 25 190
41 4 2 112 1 25 105 44 185
42 4 2 112 1 82 165 25 185
43 4 2 112 1 154 134 69 189
44 4 2 112 1 88 173 154 189
45 4 2 112 1 67 130 48 191
46 4 2 112 1 169 32 89 188
47 4 2 112 1 70 148 89 188
48 4 2 112 1 51 128 70 188
49 4 2 112 1 82 143 63 190
50 4 2 112 1 163 82 25 190
51 4 2 112 1 51 32 108 188
52 4 2 112 1 123 44 63 190
53 4 2 112 1 32 168 89 189
54 4 2 112 1 89 149 70 189
55 4 2 112 1 70 129 51 189
56 4 2 112 1 48 29 114 184
57 4 2 112 1 68 134 154 184
58 4 2 112 1 173 87 154 184
59 4 2 112 1 29 48 110 191
60 4 2 112 1 86 67 153 184
61 4 2 112 1 48 133 67 184
62 4 2 112 1 51 109 32 189
63 4 2 112 1 67 86 150 191
64 4 2 112 1 63 145 82 185
65 4 2 112 1 119 138 61 187
66 4 2 112 1 159 80 138 187
67 4 2 112 1 159 138 81 190
68 4 2 112 1 62 138 119 190
69 4 2 112 1 86 29 170 191
70 4 2 112 1 112 47 132 191
71 4 2 112 1 174 29 86 184
72 4 2 112 1 152 132 66 191
73 4 2 112 1 113 50 134 189
74 4 2 112 1 113 134 49 184
75 4 2 112 1 42 98 119 187
76 4 2 112 1 119 98 43 190
77 4 2 112 1 152 85 172 191
78 4 2 112 1 46 112 132 192
79 4 2 112 1 152 65 132 192
80 4 2 112 1 146 182 91 193
81 4 2 112 1 91 182 166 193
82 4 2 112 1 172 28 27 112
83 4 2 112 1 152 172 84 192
84 4 2 112 1 159 24 23 98
85 4 2 112 1 146 72 182 193
86 4 2 112 1 126 182 72 193
87 4 2 112 1 34 166 182 193
88 4 2 112 1 146 72 73 182
89 4 2 112 1 72 126 73 182
90 4 2 112 1 107 34 182 193
91 4 2 112 1 173 31 30 113
92 4 2 112 1 68 69 154 134
93 4 2 112 1 87 154 88 173
94 4 2 112 1 105 25 44 103
95 4 2 112 1 110 48 29 114
96 4 2 112 1 123 63 44 125
97 4 2 112 1 130 67 48 133
98 4 2 112 1 163 25 82 165
99 4 2 112 1 168 169 32 89
100 4 2 112 1 148 149 70 89
101 4 2 112 1 128 51 70 129
102 4 2 112 1 109 51 32 108
103 4 2 112 1 153 67 86 150
104 4 2 112 1 47 46 112 132
105 4 2 112 1 138 61 62 119
106 4 2 112 1 159 80 81 138
107 4 2 112 1 145 63 82 143
108 4 2 112 1 53 182 126 193
109 4 2 112 1 174 86 29 170
110 4 2 112 1 65 66 152 132
111 4 2 112 1 50 49 113 134
112 4 2 112 1 107 182 53 193
113 4 2 112 1 18 104 17 181
114 4 2 112 1 119 42 43 98
115 4 2 112 1 166 35 34 182
116 4 2 112 1 164 18 17 181
117 4 2 112 1 35 107 34 182
118 4 2 112 1 152 85 84 172
119 4 2 112 1 74 144 75 181
120 4 2 112 1 54 126 53 182
121 4 2 112 1 164 74 75 181
122 4 2 112 1 54 53 107 182
123 4 2 112 1 93 116 36 181
124 4 2 112 1 136 95 93 181
125 4 2 112 1 177 176 92 182
126 4 2 112 1 156 177 92 182
127 4 2 112 1 96 116 93 181
128 4 2 112 1 60 118 187 195
129 4 2 112 1 59 186 117 195
130 4 2 112 1 171 26 185 192
131 4 2 112 1 111 185 26 192
132 4 2 112 1 167 188 90 193
133 4 2 112 1 71 147 188 193
134 4 2 112 1 127 188 52 193
135 4 2 112 1 64 185 131 192
136 4 2 112 1 151 185 64 192
137 4 2 112 1 74 94 155 181
138 4 2 112 1 54 178 135 182
139 4 2 112 1 33 106 188 193
140 4 2 112 1 156 180 177 182
141 4 2 112 1 137 186 59 195
142 4 2 112 1 58 186 139 194
143 4 2 112 1 60 187 140 195
144 4 2 112 1 141 183 57 194
145 4 2 112 1 139 186 77 194
146 4 2 112 1 136 93 36 181
147 4 2 112 1 76 183 141 194
148 4 2 112 1 106 52 188 193
149 4 2 112 1 111 45 185 192
150 4 2 112 1 171 185 83 192
151 4 2 112 1 33 188 167 193
152 4 2 112 1 147 90 188 193
153 4 2 112 1 71 188 127 193
154 4 2 112 1 151 83 185 192
155 4 2 112 1 131 185 45 192
156 4 2 112 1 77 186 161 194
157 4 2 112 1 41 187 118 195
158 4 2 112 1 160 183 76 194
159 4 2 112 1 117 186 40 195
160 4 2 112 1 20 161 186 194
161 4 2 112 1 160 19 183 194
162 4 2 112 1 120 57 183 194
163 4 2 112 1 41 100 187 195
164 4 2 112 1 40 186 97 195
165 4 2 112 1 58 121 186 194
166 4 2 112 1 78 186 137 195
167 4 2 112 1 140 187 79 195
168 4 2 112 1 101 183 19 194
169 4 2 112 1 20 186 99 194
170 4 2 112 1 120 183 38 194
171 4 2 112 1 39 186 121 194
172 4 2 112 1 97 186 21 195
173 4 2 112 1 22 187 100 195
174 4 2 112 1 175 96 94 181
175 4 2 112 1 178 115 179 182
176 4 2 112 1 157 187 22 195
177 4 2 112 1 158 21 186 195
178 4 2 112 1 157 79 187 195
179 4 2 112 1 78 158 186 195
180 4 2 112 1 59 117 60 195
181 4 2 112 1 118 60 117 195
182 4 2 112 1 38 183 101 194
183 4 2 112 1 94 95 155 181
184 4 2 112 1 180 135 178 182
185 4 2 112 1 93 1 36 116
186 4 2 112 1 99 186 39 194
187 4 2 112 1 137 59 60 195
188 4 2 112 1 177 179 176 182
189 4 2 112 1 136 95 9 93
190 4 2 112 1 58 139 141 194
191 4 2 112 1 94 74 175 181
192 4 2 112 1 178 54 115 182
193 4 2 112 1 77 141 139 194
194 4 2 112 1 118 117 41 195
195 4 2 112 1 76 141 77 194
196 4 2 112 1 160 76 77 194
197 4 2 112 1 136 55 95 181
198 4 2 112 1 137 60 140 195
199 4 2 112 1 141 57 58 194
200 4 2 112 1 160 161 20 194
201 4 2 112 1 160 77 161 194
202 4 2 112 1 27 26 171 192
203 4 2 112 1 27 111 26 192
204 4 2 112 1 147 71 72 193
205 4 2 112 1 53 127 52 193
206 4 2 112 1 90 91 167 193
207 4 2 112 1 64 131 65 192
208 4 2 112 1 151 64 65 192
209 4 2 112 1 34 106 33 193
210 4 2 112 1 117 40 41 195
211 4 2 112 1 53 52 106 193
212 4 2 112 1 40 97 41 195
213 4 2 112 1 111 46 45 192
214 4 2 112 1 84 171 83 192
215 4 2 112 1 167 34 33 193
216 4 2 112 1 90 147 91 193
217 4 2 112 1 71 127 72 193
218 4 2 112 1 151 84 83 192
219 4 2 112 1 46 131 45 192
220 4 2 112 1 101 102 19 183
221 4 2 112 1 137 140 79 195
222 4 2 112 1 120 122 38 183
223 4 2 112 1 57 120 58 194
224 4 2 112 1 122 37 38 183
225 4 2 112 1 165 26 25 185
226 4 2 112 1 60 118 61 187
227 4 2 112 1 157 23 22 187
228 4 2 112 1 61 118 119 187
229 4 2 112 1 23 157 159 187
230 4 2 112 1 167 169 90 188
231 4 2 112 1 71 147 148 188
232 4 2 112 1 52 128 51 188
233 4 2 112 1 128 52 127 188
234 4 2 112 1 169 89 90 188
235 4 2 112 1 148 70 71 188
236 4 2 112 1 81 143 82 190
237 4 2 112 1 163 25 24 190
238 4 2 112 1 163 24 159 190
239 4 2 112 1 165 171 26 185
240 4 2 112 1 33 108 32 188
241 4 2 112 1 62 123 63 190
242 4 2 112 1 119 123 62 190
243 4 2 112 1 88 89 168 189
244 4 2 112 1 51 129 50 189
245 4 2 112 1 149 69 70 189
246 4 2 112 1 21 161 158 186
247 4 2 112 1 21 20 161 186
248 4 2 112 1 139 59 137 186
249 4 2 112 1 139 58 59 186
250 4 2 112 1 29 110 28 191
251 4 2 112 1 110 112 28 191
252 4 2 112 1 111 105 26 185
253 4 2 112 1 153 67 68 184
254 4 2 112 1 49 133 48 184
255 4 2 112 1 26 105 25 185
256 4 2 112 1 30 114 29 184
257 4 2 112 1 82 145 83 185
258 4 2 112 1 140 60 61 187
259 4 2 112 1 81 138 143 190
260 4 2 112 1 25 103 24 190
261 4 2 112 1 162 160 19 183
262 4 2 112 1 121 39 40 186
263 4 2 112 1 21 99 20 186
264 4 2 112 1 170 29 28 191
265 4 2 112 1 172 170 28 191
266 4 2 112 1 87 174 86 184
267 4 2 112 1 109 113 31 189
268 4 2 112 1 152 66 150 191
269 4 2 112 1 106 108 33 188
270 4 2 112 1 69 149 154 189
271 4 2 112 1 129 134 50 189
272 4 2 112 1 173 88 168 189
273 4 2 112 1 114 30 113 184
274 4 2 112 1 153 68 154 184
275 4 2 112 1 133 49 134 184
276 4 2 112 1 64 125 131 185
277 4 2 112 1 47 130 132 191
278 4 2 112 1 23 100 22 187
279 4 2 112 1 63 125 64 185
280 4 2 112 1 24 103 98 190
281 4 2 112 1 21 97 99 186
282 4 2 112 1 48 130 47 191
283 4 2 112 1 23 98 100 187
284 4 2 112 1 32 109 31 189
285 4 2 112 1 150 66 67 191
286 4 2 112 1 174 87 173 184
287 4 2 112 1 19 102 18 183
288 4 2 112 1 19 18 162 183
289 4 2 112 1 138 80 140 187
290 4 2 112 1 64 151 145 185
291 4 2 112 1 117 59 121 186
292 4 2 112 1 141 142 57 183
293 4 2 112 1 101 38 102 183
294 4 2 112 1 120 57 122 183
295 4 2 112 1 75 142 76 183
296 4 2 112 1 138 140 61 187
297 4 2 112 1 83 145 151 185
298 4 2 112 1 117 121 40 186
299 4 2 112 1 37 102 38 183
300 4 2 112 1 141 76 142 183
301 4 2 112 1 44 45 125 185
302 4 2 112 1 41 100 42 187
303 4 2 112 1 66 130 67 191
304 4 2 112 1 51 50 109 189
305 4 2 112 1 42 100 98 187
306 4 2 112 1 150 86 85 191
307 4 2 112 1 20 19 160 194
308 4 2 112 1 106 52 108 188
309 4 2 112 1 154 149 88 189
310 4 2 112 1 129 69 134 189
311 4 2 112 1 173 168 31 189
312 4 2 112 1 133 134 68 184
313 4 2 112 1 153 154 87 184
314 4 2 112 1 43 98 103 190
315 4 2 112 1 40 99 97 186
316 4 2 112 1 109 50 113 189
317 4 2 112 1 152 150 85 191
318 4 2 112 1 44 105 45 185
319 4 2 112 1 43 103 44 190
320 4 2 112 1 49 48 114 184
321 4 2 112 1 39 99 40 186
322 4 2 112 1 111 45 105 185
323 4 2 112 1 165 82 83 185
324 4 2 112 1 41 42 118 187
325 4 2 112 1 157 79 80 187
326 4 2 112 1 80 159 157 187
327 4 2 112 1 42 119 118 187
328 4 2 112 1 147 90 148 188
329 4 2 112 1 90 89 148 188
330 4 2 112 1 167 33 169 188
331 4 2 112 1 128 127 71 188
332 4 2 112 1 169 33 32 188
333 4 2 112 1 70 128 71 188
334 4 2 112 1 163 81 82 190
335 4 2 112 1 143 62 63 190
336 4 2 112 1 163 159 81 190
337 4 2 112 1 165 83 171 185
338 4 2 112 1 52 51 108 188
339 4 2 112 1 123 43 44 190
340 4 2 112 1 119 43 123 190
341 4 2 112 1 168 32 31 189
342 4 2 112 1 149 89 88 189
343 4 2 112 1 69 129 70 189
344 4 2 112 1 139 137 78 186
345 4 2 112 1 77 139 78 186
346 4 2 112 1 78 158 161 186
347 4 2 112 1 77 78 161 186
348 4 2 112 1 110 48 47 191
349 4 2 112 1 110 47 112 191
350 4 2 112 1 174 173 30 184
351 4 2 112 1 67 133 68 184
352 4 2 112 1 153 87 86 184
353 4 2 112 1 114 113 49 184
354 4 2 112 1 45 131 125 185
355 4 2 112 1 66 132 130 191
356 4 2 112 1 162 76 160 183
357 4 2 112 1 145 63 64 185
358 4 2 112 1 79 140 80 187
359 4 2 112 1 62 143 138 190
360 4 2 112 1 58 121 59 186
361 4 2 112 1 86 170 85 191
362 4 2 112 1 172 85 170 191
363 4 2 112 1 174 30 29 184
364 4 2 112 1 56 122 57 183
365 4 2 112 1 142 56 57 183
366 4 2 112 1 167 91 166 193
367 4 2 112 1 146 147 72 193
368 4 2 112 1 127 53 126 193
369 4 2 112 1 27 171 172 192
370 4 2 112 1 27 112 111 192
371 4 2 112 1 107 106 34 193
372 4 2 112 1 162 75 76 183
373 4 2 112 1 152 151 65 192
374 4 2 112 1 131 46 132 192
375 4 2 112 1 41 97 100 195
376 4 2 112 1 20 101 19 194
377 4 2 112 1 177 8 92 176
378 4 2 112 1 131 132 65 192
379 4 2 112 1 121 58 120 194
380 4 2 112 1 121 120 39 194
381 4 2 112 1 22 100 97 195
382 4 2 112 1 78 137 79 195
383 4 2 112 1 107 53 106 193
384 4 2 112 1 167 166 34 193
385 4 2 112 1 91 147 146 193
386 4 2 112 1 127 126 72 193
387 4 2 112 1 46 111 112 192
388 4 2 112 1 84 172 171 192
389 4 2 112 1 152 84 151 192
390 4 2 112 1 1 93 96 116
391 4 2 112 1 73 180 156 182
392 4 2 112 1 158 78 79 195
393 4 2 112 1 94 175 11 96
394 4 2 112 1 13 179 178 115
395 4 2 112 1 99 101 20 194
396 4 2 112 1 120 38 39 194
397 4 2 112 1 22 97 21 195
398 4 2 112 1 158 22 21 195
399 4 2 112 1 22 158 157 195
400 4 2 112 1 94 4 74 155
401 4 2 112 1 178 6 54 135
402 4 2 112 1 92 156 8 177
403 4 2 112 1 180 178 177 182
404 4 2 112 1 94 93 95 181
405 4 2 112 1 79 157 158 195
406 4 2 112 1 99 39 101 194
407 4 2 112 1 38 101 39 194
408 4 2 112 1 179 177 178 182
409 4 2 112 1 94 96 93 181
410 4 2 112 1 177 156 15 180
411 4 2 112 1 17 96 175 181
412 4 2 112 1 179 115 35 182
413 4 2 112 1 136 1 36 93
414 4 2 112 1 96 12 1 116
415 4 2 112 1 175 4 74 94
416 4 2 112 1 178 54 6 115
417 4 2 112 1 155 95 55 181
418 4 2 112 1 73 135 180 182
419 4 2 112 1 35 176 179 182
420 4 2 112 1 95 2 55 136
421 4 2 112 1 176 177 8 179
422 4 2 112 1 4 94 95 155
423 4 2 112 1 6 178 180 135
424 4 2 112 1 136 36 124 181
425 4 2 112 1 156 92 146 182
426 4 2 112 1 96 17 116 181
427 4 2 112 1 73 156 146 182
428 4 2 112 1 136 124 55 181
429 4 2 112 1 156 15 8 177
430 4 2 112 1 166 92 176 182
431 4 2 112 1 175 17 3 96
432 4 2 112 1 116 104 36 181
433 4 2 112 1 95 9 2 136
434 4 2 112 1 8 16 176 179
435 4 2 112 1 178 6 13 115
436 4 2 112 1 175 11 4 94
437 4 2 112 1 116 17 104 181
438 4 2 112 1 95 10 4 155
439 4 2 112 1 180 14 6 135
440 4 2 112 1 156 73 7 180
441 4 2 112 1 166 176 35 182
442 4 2 112 1 144 155 55 181
443 4 2 112 1 126 135 73 182
444 4 2 112 1 179 5 35 115
445 4 2 112 1 144 74 155 181
446 4 2 112 1 126 54 135 182
447 4 2 112 1 3 11 175 96
448 4 2 112 1 164 17 175 181
449 4 2 112 1 35 115 107 182
450 4 2 112 1 156 7 15 180
451 4 2 112 1 136 9 1 93
452 4 2 112 1 13 5 179 115
453 4 2 112 1 54 107 115 182
454 4 2 112 1 164 175 74 181
455 4 2 112 1 95 55 2 155
456 4 2 112 1 180 73 7 135
457 4 2 112 1 176 5 35 179
458 4 2 112 1 176 16 5 179
459 4 2 112 1 180 7 14 135
460 4 2 112 1 95 2 10 155
461 4 2 112 1 96 17 3 116
462 4 2 112 1 3 12 96 116
463 4 2 112 1 124 183 122 56
464 4 2 112 1 122 183 124 37
465 4 2 112 1 104 183 102 37
466 4 2 112 1 102 183 104 18
467 4 2 112 1 183 144 142 56
468 4 2 112 1 183 142 144 75
469 4 2 112 1 183 164 162 75
470 4 2 112 1 183 162 164 18
471 4 2 112 1 181 37 36 124
472 4 2 112 1 181 36 37 104
473 4 2 112 1 182 91 92 146
474 4 2 112 1 182 92 91 166
475 4 2 112 1 181 56 55 144
476 4 2 112 1 181 55 56 124
$EndElements
