/*--------------------------------*- C++ -*----------------------------------*\
  =========                 |
  \\      /  F ield         | OpenFOAM: The Open Source CFD Toolbox
   \\    /   O peration     | Website:  https://openfoam.org
    \\  /    A nd           | Version:  11
     \\/     M anipulation  |
\*---------------------------------------------------------------------------*/
FoamFile
{
    format      ascii;
    class       labelList;
    note        "nPoints:1327  nCells:5185  nFaces:11319  nInternalFaces:9421";
    location    "constant/shell_fluid/polyMesh";
    object      neighbour;
}
// * * * * * * * * * * * * * * * * * * * * * * * * * * * * * * * * * * * * * //


9421
(
132
261
288
612
133
265
286
618
17
139
238
495
45
83
325
4861
23
58
1044
2235
28
136
264
999
14
422
675
1219
10
153
634
2302
9
154
635
2303
144
485
660
145
486
661
38
122
148
2115
25
55
1266
3153
87
102
285
686
48
372
472
111
168
581
649
32
56
138
160
544
564
2918
33
239
246
497
49
132
1324
4919
54
133
3215
4927
26
117
207
260
24
301
674
2255
85
188
1795
152
166
376
57
358
44
65
67
48
266
1569
1837
516
913
2416
31
158
593
1980
37
42
468
1007
221
441
3722
138
442
980
466
736
1338
62
66
289
3357
39
53
523
1418
52
214
1169
2179
72
549
1355
259
1717
2877
59
642
1062
43
51
1371
3251
63
93
718
2232
367
429
3533
50
392
65
306
1151
1908
4860
130
143
1338
3775
80
270
282
316
75
1697
233
1827
4161
51
879
3571
101
2028
210
322
1230
406
498
3638
241
1828
2935
57
116
2007
160
175
510
942
3526
84
1440
3631
455
565
3582
64
77
720
1113
88
98
161
1354
202
1667
3284
111
1079
2500
86
572
1507
1128
1142
141
202
2992
260
1487
3493
89
226
230
247
140
312
1641
3087
96
114
176
1354
95
124
1098
1370
381
475
3576
142
318
1643
3095
76
80
152
663
369
372
298
545
3771
469
527
3532
134
187
599
1725
94
125
250
1081
731
781
110
500
1812
4871
146
185
3168
5008
258
360
2540
85
880
1962
1777
1792
584
594
3598
751
1542
1567
96
491
637
115
1623
4882
107
432
812
109
433
813
165
283
478
1618
111
532
1436
125
190
332
124
216
1103
505
679
156
191
563
3528
300
637
142
219
252
1669
140
220
254
1677
2280
2343
3928
751
1487
2316
146
829
853
5007
131
178
1552
3431
598
3575
4877
4893
589
3562
4873
4895
448
2050
3782
113
198
1034
1413
451
2062
3754
330
501
657
2160
213
440
571
2572
256
861
2972
324
679
226
1626
2239
2440
3886
231
1630
186
348
561
1677
171
304
805
853
204
244
401
3536
137
368
430
1389
327
1593
2840
253
362
573
1669
608
638
998
3311
150
568
807
4898
235
245
408
3488
209
275
375
1549
279
653
977
1920
227
2473
3223
197
1550
2093
233
288
241
286
251
1301
1443
147
157
196
934
484
490
644
180
237
1110
1927
2394
407
2544
4020
331
612
229
1776
2080
336
618
227
736
2576
154
293
5002
153
294
5003
794
1185
212
1468
1937
327
603
2241
232
1107
2785
4867
177
326
2152
167
513
597
682
629
781
2187
3186
2188
3187
173
236
349
2276
471
1286
3888
1580
2464
2493
255
274
379
217
242
416
1420
881
926
300
2926
3121
194
817
1405
4924
223
391
1158
1617
295
329
363
1213
343
377
3111
170
629
1012
421
483
513
338
1032
1143
228
1412
4885
301
667
2166
304
364
627
183
440
499
1296
226
323
1626
233
261
2324
4308
474
1131
324
2091
3203
493
1037
2694
197
1005
1052
241
265
454
2325
310
2975
3191
221
379
1423
782
2519
4862
424
1622
2008
387
972
1551
4860
410
616
1002
454
1194
2439
458
1484
2181
249
1478
1777
271
456
492
952
453
1302
276
643
1068
422
2062
4875
5023
218
222
345
2139
701
1522
2959
206
2022
2408
4888
212
2198
3570
1170
3978
297
959
3175
464
624
2419
4913
465
625
2420
4915
203
536
1466
4900
966
2978
315
1049
2491
355
685
2481
807
2050
4879
5019
225
2430
4889
231
806
1320
240
248
460
1125
548
1349
2997
214
215
4972
366
425
541
5142
801
2446
901
1051
1063
2472
3115
322
1872
640
682
2470
412
883
2986
449
1331
1480
278
311
336
281
313
331
1428
1825
382
1092
3105
1153
1171
1356
263
302
4897
4923
277
1720
2470
932
953
2856
267
1339
1775
289
696
2624
247
1033
4883
240
960
1509
2054
4867
2630
273
645
800
1623
405
647
2459
444
932
1639
310
430
1189
407
841
1210
268
321
1441
461
1630
2631
412
2217
2360
374
945
1183
2780
355
1500
1796
405
1473
1787
888
2396
3789
518
1502
457
960
1688
1404
2306
2463
359
1081
1225
458
1111
311
1663
3773
377
478
575
313
1662
3765
274
628
779
534
826
1863
2329
2659
2968
4985
325
610
2474
603
799
842
1510
2895
331
3218
390
630
648
1250
302
1167
2752
320
373
490
336
3219
317
369
2312
746
1513
4884
314
749
987
299
385
411
2097
652
955
3440
551
1025
1040
320
352
948
2615
583
787
1788
1608
3919
899
1439
2339
590
655
3274
292
513
4881
346
535
2318
537
4988
5048
992
1585
2855
4905
347
542
2319
652
731
343
1054
5042
290
337
404
3320
1262
1451
1766
528
1327
291
417
520
1141
525
1326
3082
3209
337
361
3070
693
1107
1141
1281
1897
4889
485
1978
486
1979
595
605
3802
309
402
559
2335
534
1125
3608
316
1576
1652
378
4170
5164
382
3589
1737
639
2451
997
1742
2952
4891
1875
2260
732
2578
3753
4869
806
1151
2157
466
848
919
4967
367
381
1740
351
489
1078
324
3625
346
1361
612
2014
2943
347
1360
735
1338
3438
1530
2768
4901
1396
515
599
2233
618
2009
2940
496
517
1534
1535
373
744
749
1733
2748
1334
3957
349
514
3592
3625
1546
493
924
820
3309
386
621
1977
4990
363
380
1499
500
1876
2436
453
818
2893
397
601
2911
4915
396
602
2236
4913
395
604
2266
4911
2439
555
768
1151
1450
2550
990
1010
1033
4883
459
784
963
1773
463
526
668
2350
389
1191
1224
2942
2151
2973
450
2637
4908
382
1480
3589
664
1174
665
1173
554
1572
3765
2641
3605
386
621
1218
1336
402
1445
3319
744
964
2101
587
949
2126
2447
434
446
582
864
1135
1217
357
445
580
857
419
761
1271
437
846
814
1238
1302
383
1908
4871
1234
1236
2987
575
1631
3773
859
2260
803
2813
5131
546
716
1055
1577
740
1680
2821
1899
2111
450
488
1008
1573
389
1072
1708
5064
613
712
739
1067
889
2265
1421
423
1123
2617
548
2083
2980
674
726
3667
1683
3264
385
1101
1405
1854
2190
595
2056
3499
1644
2184
1364
2482
4870
487
699
1341
5028
1276
1434
1372
3475
2150
3909
4861
426
639
756
2344
1228
2784
511
1829
2984
623
865
1931
447
936
764
780
1799
4988
434
446
1940
1973
798
4910
5052
796
4912
5054
797
4914
5056
503
724
1197
2140
419
445
1694
473
566
1810
1839
538
685
870
1398
1564
439
539
1830
2007
586
852
1353
641
962
418
2058
2133
3203
3902
570
647
980
435
743
1530
1665
597
1185
1212
1434
2045
2476
1476
1869
643
838
1376
3399
625
1073
1173
1360
624
1074
1174
1361
835
2573
4383
491
632
2270
455
1859
1964
2246
684
1085
1457
1795
483
658
721
472
856
1317
1724
5112
440
2045
4170
923
1481
4120
694
1065
1208
626
954
998
1390
481
536
2084
2491
527
543
1899
4224
436
804
1223
2042
448
1067
4648
451
1068
4649
1114
2305
1059
2123
2206
1437
1565
2839
438
730
846
633
951
1052
473
941
2873
1063
545
593
1428
474
1199
4005
447
615
880
961
2607
2641
2892
1115
2322
1894
2881
733
936
1270
1402
1054
1075
1712
1678
4906
1273
1408
670
763
2446
5102
1506
2996
554
2072
2200
2211
774
1537
1901
2610
2635
2890
479
2579
1773
1815
3963
461
2635
3793
1320
3747
467
848
912
1350
1144
1410
2750
1070
1783
3618
1071
1784
3619
888
1774
906
1936
2082
511
543
2923
506
2087
2095
487
2367
2554
5028
707
976
1378
755
2756
480
2873
1080
3510
666
1644
1958
782
949
1398
4862
521
567
920
1456
892
1065
518
1502
2294
519
3090
607
821
1659
547
606
1658
4891
1713
2295
516
1347
2048
3932
2049
3934
852
3128
1315
1678
3278
559
1152
2299
2219
505
3182
547
774
1280
1046
2687
580
857
1663
5181
572
596
3371
673
1021
1928
529
1711
2051
588
672
2058
1297
1733
2582
592
988
1379
4870
582
864
1662
5183
533
1197
1368
585
1105
1132
1310
653
3089
584
1857
627
704
1335
2330
592
815
816
2880
531
553
614
3136
1131
1896
3753
698
3300
562
1237
2317
2567
1202
518
1316
2185
1026
1714
1725
1905
3347
1433
1504
2192
2548
566
1755
2859
632
1988
2509
567
1739
2900
574
1218
1760
2424
588
2099
3162
530
617
722
3079
1326
2305
4918
956
1721
2771
771
2087
1327
2322
4926
1432
2748
3236
578
656
3091
591
1574
3216
718
2671
1201
1380
3339
3602
905
3108
4467
607
3359
1920
3499
5149
809
1186
1796
975
1967
3172
576
648
925
1290
740
1419
2654
907
3110
4468
1656
596
642
2845
663
1652
873
1406
1628
819
1954
1977
2299
666
822
2923
569
681
1333
1474
805
1294
1537
558
2199
2677
4905
651
659
3137
602
834
768
911
2502
687
897
2626
2883
688
898
2627
2884
1247
1512
4904
1877
3472
1362
2284
4927
5074
1298
2113
3081
868
1384
1864
976
1376
841
863
1229
594
719
2211
1561
3288
860
2417
924
1402
1852
1187
1275
877
1787
4920
1991
2582
3236
646
3127
1325
2135
3062
1400
2144
2383
604
836
648
2846
3726
710
862
2625
2928
654
866
3130
692
723
1162
2216
1115
2802
1079
1151
4378
1114
2805
2499
2534
3606
2261
2328
727
1324
1815
1234
1341
3076
810
4862
4958
1532
725
3811
745
1133
1286
614
1518
815
988
753
850
646
2328
2637
4909
1604
875
2129
734
3830
1301
1573
695
1053
1124
2934
1248
2324
2788
1249
2325
2654
2855
1258
2310
1203
1213
1928
3595
4890
3596
638
1207
1811
676
713
862
4946
1794
2619
2779
807
1056
2688
4898
864
812
3512
5066
940
2158
879
1321
1527
1202
1424
5008
773
821
2001
857
758
823
2713
3765
759
824
2714
3773
1747
3133
792
1182
1257
1734
1160
1945
4347
1070
3004
1071
3005
769
1422
2395
803
2131
752
779
844
2037
2897
698
720
2903
757
818
2812
3407
2507
3235
942
1397
1525
661
1018
1762
660
1019
1763
1311
1435
3969
4865
1364
4955
3785
694
2790
788
1666
4231
962
2411
5039
719
3162
813
3792
1587
2219
4048
683
1619
2429
1604
2528
2932
1250
1143
2160
2609
739
843
1023
1046
729
922
3216
968
1615
957
2270
656
1591
1024
1043
1133
871
2044
785
964
1871
721
3492
729
885
1972
1620
2118
1621
2119
994
1313
1555
2496
775
1006
905
1174
1472
907
1173
1465
1668
2003
3176
3180
956
1081
2566
777
874
1099
1720
974
1129
3464
683
1093
1649
3030
761
1271
1756
1130
1870
4347
2553
889
1226
1885
862
1545
3305
925
1030
1813
681
1474
1744
1926
1189
4943
700
858
996
3659
1275
2037
875
2705
2092
2516
983
1595
3276
2516
3030
1611
1732
3035
903
3047
3138
904
3048
3139
711
748
4921
4961
831
1066
1464
2932
868
1087
1492
3000
760
970
5096
1956
2244
4348
1367
3367
884
1127
2494
1684
1809
3209
767
931
2922
4884
1656
754
1411
3650
930
2513
1314
1536
4924
859
944
1945
2260
907
921
1278
1727
709
1499
1867
855
1155
1469
2732
905
928
1277
1728
1058
2132
3823
847
1003
3581
4870
950
1499
3412
937
3046
3202
4939
4960
1126
1300
3527
3565
4947
3566
4950
5173
3567
4953
5177
831
1559
2355
728
828
893
3150
2124
2988
1604
771
3127
2036
4864
773
2479
3130
760
1533
4501
1380
2271
2485
1600
2359
4873
781
2063
2346
766
1414
2398
828
1968
2063
1591
951
4276
793
967
1033
3560
5062
961
4278
1448
2397
4877
987
1350
3678
1774
2971
866
922
1022
1591
839
840
1031
1541
843
3721
1769
4984
902
946
968
3620
1244
1305
1320
1566
1913
2958
3226
3252
2120
3265
3324
750
1339
2769
795
894
1417
5035
1199
1403
4921
1401
3152
1513
1705
2225
2925
3075
844
1540
2142
850
1515
1959
3632
5027
1569
1957
5023
790
1866
2345
833
908
3586
834
909
3585
836
910
3587
1444
2178
2246
2581
791
1399
1634
2514
974
2027
2373
780
1570
5149
1268
1321
1960
3016
1132
1603
1883
779
1163
1736
4722
833
947
1726
786
847
1379
1656
950
1607
2415
2569
1659
1658
1006
1515
2412
965
1064
1149
1560
916
1099
1743
783
1088
1802
2643
2190
3045
3119
4338
2982
4587
1735
2799
5068
1790
1845
4919
1014
1379
1749
847
886
991
800
1714
2499
1103
1874
2110
900
985
1274
1315
1353
2502
3154
896
1297
1363
811
869
1182
967
1351
1970
829
3931
1337
2810
3655
1083
5053
1082
5055
1084
5051
914
2199
2855
1484
1725
1542
1732
3574
973
3287
4941
5017
1660
3355
1223
1485
1690
933
2690
1100
3066
989
811
869
1293
870
1292
3671
4959
1439
2777
837
2050
838
2062
918
2110
2293
981
4962
2689
2742
3114
1101
2733
4925
908
1506
1184
1280
3523
1942
2381
3143
1184
1954
860
1077
2417
909
1662
2379
910
1663
2380
1700
1974
2064
4924
2217
2886
3370
1635
3756
4880
4971
2214
3210
1303
1862
983
1137
2071
2235
1793
2528
4565
4868
5061
1177
3507
1178
5108
883
2306
3733
1179
5103
4499
5065
4500
1699
2668
4903
935
3692
5136
1661
3072
914
2090
3548
2574
2782
3629
1992
2600
4868
1104
1266
1003
906
2618
854
2475
2770
3560
3629
1752
2400
2837
2180
3320
933
3290
969
1610
2282
1446
2205
2488
1226
1233
1408
3132
1000
2523
2664
1786
3101
1462
2725
1034
1267
1764
937
1148
2845
3125
1160
1599
3091
3805
5124
913
996
1048
2664
2618
4967
1985
3684
1955
3685
885
1599
2044
993
2608
2778
4930
2105
3336
4061
1424
1458
4215
1811
882
1047
1941
2186
980
1403
1157
1415
2155
2670
1657
4521
1792
1937
926
1097
1416
1047
1164
3299
2985
3145
2011
2222
3613
1633
1972
991
1014
3935
978
1963
1997
2274
1698
3441
2977
965
1087
1119
2618
1065
1208
1618
1609
2310
5044
1853
2195
2945
3600
5036
918
1220
1800
1996
1393
1729
2917
903
5174
5176
904
5178
5180
1349
2686
3508
1166
1961
3224
2034
2309
3041
1112
2605
3304
1880
4934
1881
4936
2182
2418
3698
2183
1726
5183
5181
1122
1382
2735
1822
1891
2740
1190
1421
3100
3209
1311
1444
2451
4896
1424
1503
3136
948
1048
1421
1590
2256
3006
979
1042
1698
1524
2725
1256
1465
2307
1798
2703
1106
1680
2736
1952
2903
3680
1041
2701
4982
1255
1472
2308
1036
3449
4973
1000
1710
5136
4112
4885
2680
1862
1013
1580
5020
2143
3943
5116
1340
1371
1826
4932
1057
1259
2358
2632
992
1076
1803
4986
1503
1878
2018
975
3271
1768
4509
1196
1295
1416
1102
1875
2362
1123
2095
2773
1112
1495
2300
1177
2652
1323
2046
1944
4680
1522
2962
1094
3431
1021
1040
1213
982
2449
3365
956
1422
3334
1731
4330
5092
3812
2719
3261
4988
986
1821
3001
3064
1125
1413
2571
2692
1108
3631
3265
3951
1845
2434
4037
1876
2843
2081
3895
2026
2223
2868
3707
1172
3500
1909
2128
2523
2277
3367
5095
1089
1168
1651
3843
2075
2689
4047
1209
2996
5018
2457
1257
3023
1058
3348
2244
2421
4386
1975
2551
3228
1698
1974
2064
3680
2742
4963
1237
1526
2609
1568
1795
1011
1050
1442
3925
1904
2148
2957
1198
1306
1821
3870
2541
2649
2688
5019
1176
1927
3753
2673
2842
1585
1803
2326
2978
4931
1791
2235
2806
1150
1192
1304
3258
1190
2513
1180
1263
3635
1726
1781
2416
2615
4025
1330
3866
1010
4352
4882
1207
1503
2804
1175
1648
1388
1909
2185
2976
1009
1078
2468
3707
1355
1829
3389
1110
3278
5150
1078
2083
3454
1176
2114
1467
1645
5124
1140
1232
2780
4205
5022
2074
3637
1116
2164
2731
4936
1117
2069
2154
4932
1118
2165
2720
4934
1038
1096
2745
1039
1095
2746
1086
1282
2839
2991
1130
1954
1798
5123
1046
2425
1043
2426
1303
1599
3281
1217
1235
3401
1159
2215
2341
2640
1069
1165
1246
1366
1061
1181
1241
1261
1210
1290
4060
1699
5135
1091
1146
2938
3175
3879
1556
1934
2067
5035
1543
2620
4254
1265
2287
2351
1073
2202
3221
1074
2203
3222
1160
2260
1600
2078
4981
1701
4966
1582
2291
1404
2015
2337
1218
1336
1400
2687
2413
3021
2035
4027
2173
2768
3031
1383
1467
1706
2034
4186
4248
1239
2468
1812
2273
3893
1331
2580
1406
1747
3133
1211
4899
4976
2354
2882
2937
4289
1243
1987
3386
1222
1252
1827
1886
1261
1828
1887
1418
2918
3513
2847
4111
1449
2368
5049
2135
1628
2820
2898
2425
4508
2426
4510
1246
1844
1910
1470
1471
1935
2469
3952
1096
3375
1095
3376
1092
5042
5095
2245
4986
5134
1462
1668
1722
1445
3249
3581
1199
3990
1410
1248
3241
1249
3242
1258
3243
1395
1595
1918
1200
1565
2080
1831
2830
2106
2262
3511
1145
2597
3295
1343
1501
1752
1195
1450
3384
3706
3814
1788
2999
3097
1525
2796
1470
1471
1196
1377
2998
1225
2510
2566
1807
1930
1491
1806
2692
1676
4853
1120
1786
4942
2268
1624
3489
2176
2288
3963
1675
2221
3071
1692
2286
1527
2793
1227
1305
1494
3956
5149
1316
1443
3709
1507
2957
3504
4023
4024
2954
4937
5052
2955
4933
5056
2956
4935
5054
1560
1819
1831
1221
4386
4943
1772
1782
2039
5125
2344
2752
5084
2127
4679
1139
1767
2374
1688
1407
3887
3891
1156
2222
2356
1142
1291
2011
2162
3641
4191
1160
3079
2410
2888
2288
3542
1204
1288
1686
1235
2231
3144
1155
1287
2013
4204
1539
1568
2136
1219
1849
2041
2517
1156
1242
4544
1183
1272
2166
1431
1650
4026
3029
1642
1738
4449
2289
2331
3908
1195
1436
1260
1523
1853
2942
1229
1285
5030
2081
2403
1304
1870
1938
1689
2032
4990
1599
1633
5007
1193
1823
2010
3339
1446
1459
1369
1610
2428
2560
1356
1945
2238
2435
2875
1352
1493
1995
2375
1533
3944
5162
3385
3828
4884
2289
2597
3369
1366
2894
3728
1274
1829
5094
1925
2752
4252
1715
2331
1230
1861
5017
1239
1358
3733
1941
2229
4215
1615
2605
3716
2420
2419
1648
2482
1593
2562
1248
3241
1249
3242
5110
1258
3243
5105
1284
1496
2739
1241
2257
3534
1869
2986
1724
3532
2001
3522
3404
1265
1632
2287
1333
2033
3531
1998
2405
2465
3482
1221
1920
3347
1260
1708
3582
2327
2349
3360
1328
2240
2531
1685
2072
2766
1479
3074
1295
1377
3403
3469
1306
2645
5057
1403
1836
2623
2775
1368
1858
3535
1635
4881
1329
1924
2993
1284
1999
4270
1452
1919
2816
5024
1241
1374
2858
3313
1212
3340
2450
4279
3054
4940
1661
1813
2521
2841
4976
1811
2962
1283
3643
5027
1345
3644
5001
1344
3645
5004
1235
1500
3475
1697
2661
1289
1430
1983
1920
2056
1252
1516
1892
2565
3558
1228
2200
2794
1238
2864
1885
2348
1566
1946
3752
1935
4768
3306
3872
1612
2290
2174
2197
4042
4177
1245
2913
5070
1582
1953
2348
1994
4150
1816
1382
1994
2767
1864
3003
2268
3068
3439
1310
1324
3088
3237
1374
1375
1508
1770
1312
1571
3113
1320
2171
2838
1833
2786
5069
3844
1264
1512
2298
3687
3688
1274
2957
1761
1994
2251
4923
2227
4146
1287
1520
1746
2013
1453
1482
1895
3943
1277
2021
2378
1278
2020
2382
2320
2777
3694
2506
2530
3113
1629
2195
3846
1342
1438
1611
2739
4890
1705
2199
4965
2065
3664
1490
2016
1760
1764
2383
1657
2162
3177
1352
1993
2059
2460
1402
2518
4742
3020
3683
1833
2669
3839
1408
2512
4740
4313
2505
2617
1676
2946
3412
2388
3973
2387
3977
1282
1836
3697
5075
3633
2785
4865
4887
3018
5076
2040
5015
5027
1288
1496
4095
5029
1378
1459
1314
3635
1983
2293
4044
3408
3902
1451
1487
1632
1693
1439
1674
1303
1862
1730
2366
1348
2676
3124
1348
3122
1572
2318
3745
1497
1705
2225
4965
2357
5066
3597
3416
4000
2433
3257
1847
2963
2648
3996
1328
1823
1912
2242
1493
1517
1922
2207
1318
1328
2237
2531
2272
1933
4183
1529
2206
2506
2564
4256
1536
1686
1389
3118
2147
2979
2127
2833
4093
1840
1912
3011
1548
1808
2467
3488
1657
3876
1347
1834
1905
2226
1449
2101
3012
2943
1631
2345
3732
2684
2685
1392
1460
4113
1710
2043
2149
2151
1336
2467
3614
2897
3737
1612
3270
4153
1867
3649
1562
1417
2703
2718
1350
4102
1865
3690
1411
2953
1438
1558
3900
2102
2497
4253
1703
2827
4264
1704
2828
4265
1359
2668
2807
4917
1587
1399
4388
2445
1495
1578
1970
1493
2059
1765
2180
2103
2514
2587
2362
3736
1772
4911
5122
5126
2965
3229
4001
2407
2874
4916
2716
3085
2717
3086
2137
2547
4057
1365
1393
2417
1650
4968
1594
2558
2582
1579
2070
1609
2269
2409
2905
3762
1508
2356
3711
1743
2470
2566
1598
1971
3614
4989
1890
3422
5077
2910
2974
1871
2076
3637
3636
2878
3519
2085
2120
2784
2815
1387
3749
4461
4957
2752
2767
1706
2454
2643
1492
2567
1915
3428
5082
1914
3429
5080
4438
4959
2125
2591
3988
2148
1781
2055
5032
1476
1716
1869
3747
1460
2278
4909
3395
3668
1554
1601
1779
1917
1664
1741
1576
1731
1475
1768
3877
1944
3609
2676
3116
1562
3675
2520
2655
3438
1952
2755
4163
1851
3228
3454
3930
2292
2357
3850
1953
1464
1718
1793
2743
2293
2301
2860
3296
1775
2088
4301
2029
3024
3573
2475
2598
3405
1896
2480
2960
2724
4012
1916
2254
2381
1695
2217
3269
3256
4146
1825
1854
2229
1880
2202
3221
4996
1881
2203
3222
5000
1443
2563
3597
4058
1483
1770
2005
4582
1800
1948
2073
1650
2785
3706
1711
2321
3826
1954
2491
2709
3559
4907
2663
2765
4864
1479
2671
1485
2184
2822
2941
3260
2686
2015
2964
4103
1622
1733
2754
1645
2212
3060
2147
1933
2730
1552
3319
1501
2497
2552
2565
4931
4975
1893
4184
2403
2800
2970
3493
2011
4746
2861
4090
4874
1681
1951
2108
1571
2153
2924
5011
1597
1646
2621
3405
1524
2715
5093
1741
1960
3016
1720
1903
4881
2453
3165
1851
1963
2258
2730
4896
3901
1625
1850
2025
3328
1718
2898
2202
3767
2173
2700
3808
4428
1732
4083
4205
2437
2488
3169
2118
2119
2203
3774
3884
5040
3065
3427
2468
3293
5045
2360
2458
2629
2632
4917
4929
1795
2463
3914
1906
3032
4493
1675
5141
1681
2797
5114
1889
5147
1502
3453
2364
4735
1510
1592
2360
3358
4135
1588
1712
2450
2580
1925
2323
4426
4897
1624
2016
5129
1797
2336
2473
2830
2393
1655
1847
1946
1578
2300
2912
3580
4198
4964
1986
3831
4311
4974
3499
3945
2205
2234
4005
1743
1924
2709
3875
1668
1722
1958
3036
4384
2584
4020
3651
3801
2054
2077
2178
3291
3445
1540
1939
2142
3674
4199
3307
3833
2524
2811
4068
4978
1557
1892
4056
1835
2069
3739
1627
5033
1605
1687
1759
1753
2453
2879
1551
1900
2818
4898
1607
3073
1596
3173
5107
2666
2984
2929
4650
2317
3223
4378
2919
4644
1904
1923
1961
2153
2792
3954
1987
2668
1584
1891
1936
1647
1756
3691
1924
1928
1870
1938
4251
3700
1588
1712
2052
4886
1561
1810
3238
1736
4903
5115
2446
3034
2472
2711
4972
3171
3378
4930
4974
2904
3421
4946
1794
1842
1575
2209
3478
4126
1562
1719
1808
1674
2817
2886
2297
2965
3999
2146
2526
2134
4863
1634
1729
1888
2116
3885
2071
2564
2947
2549
2616
3655
1959
2412
4091
2501
3921
4133
1577
1581
2737
1879
1568
1755
1719
1759
1894
2881
2936
1757
1921
3472
2042
3576
2895
3579
1766
3032
3034
4089
1714
5152
3148
3283
5150
3329
5012
2236
2693
2004
1627
2067
2549
2490
3512
5021
2106
4497
1764
4061
4128
2070
2869
3497
4460
4878
1748
1758
2737
2291
4244
2002
2144
2983
3038
1951
2156
4616
2511
2862
1824
1965
1966
1814
3437
1884
1820
1981
2017
2035
3012
1630
2360
2594
1942
2114
1739
1989
1991
4089
2189
2981
5106
1846
2259
3537
1865
1971
5140
4331
1707
2542
3717
1691
1807
1930
1947
2029
2089
2484
3938
2411
5039
5100
5119
4251
1980
2868
3699
2283
3333
2282
2428
1732
2501
3529
4049
5065
5117
1640
2570
3792
5025
4105
2444
2800
3550
5049
1931
1941
2580
1623
1626
2831
2048
3837
2049
3838
1975
3789
3606
3670
5130
2401
2621
3835
2831
3335
5031
2105
3910
2189
2835
3829
2594
2266
2695
1785
2065
2229
5008
2175
3116
3778
4463
2372
2390
2706
3141
2370
2392
2708
3140
2371
2391
2707
3142
1745
2536
2607
2210
2803
4458
1677
1685
1721
2079
1669
1683
4094
3498
3563
1653
2401
2475
2099
2515
3959
2500
3080
2092
2130
3718
4969
1715
2710
2832
4058
2259
2791
3743
1746
1753
2814
4495
5009
1742
1801
3965
5132
4374
2384
2385
1918
2606
3554
1751
2123
2170
1874
2705
3042
1750
2193
3082
3062
3979
4933
4991
3980
4935
4993
3981
4937
4997
1679
2204
2349
3511
1985
3616
1882
3233
2733
3081
2369
3118
1841
2262
2327
3777
4983
2332
5049
1729
1843
1888
1929
2009
3111
2218
2624
3275
2014
3129
1700
1817
2936
3354
2571
2610
4517
4989
2364
3724
4194
1873
2477
3017
1988
4107
1785
1955
3967
1964
2322
2573
3336
3923
2112
2296
2679
3997
1837
3441
2407
2824
1999
3026
2064
3026
1717
2090
2172
2187
2727
5003
2188
2728
5002
2769
4172
4389
1779
1840
3053
4247
4356
2284
3215
3683
4927
4431
2971
5095
2129
2783
5151
1883
4464
1932
2098
2458
2115
2914
2568
3183
2402
2885
2423
2267
2990
2595
3395
1794
2432
2438
3034
4219
4350
2429
2183
2387
2727
2182
2388
2728
3149
2352
2422
3309
2106
5091
3122
1932
2320
3495
2601
2682
4174
1939
2922
2003
2060
1804
2301
2774
1818
3417
2111
2184
1990
2522
1901
3679
4190
1858
3250
3303
2276
2374
4025
4208
2355
2599
1758
1764
3879
2074
2843
2026
2066
1754
1913
2102
2234
1948
4220
1895
2170
4567
4494
2515
2581
1944
2145
2562
3039
2484
2593
1863
3133
1907
3076
3078
2302
2745
2303
2746
1866
3076
5125
2232
2619
1812
1871
4025
1860
1916
2002
2435
2076
5148
1838
1989
3342
5006
3338
3617
2174
2891
2449
2598
4507
2042
2329
2992
1856
5072
2098
3374
3591
5010
3002
3166
1968
2063
2161
3311
2117
3867
4039
2118
3868
4040
2119
3869
4041
3178
3634
2056
4034
2534
3703
2590
2659
3117
4985
4513
4918
2094
2230
4558
1960
2086
1982
2264
3163
4035
2577
3033
4636
2480
2848
4774
4987
3353
4006
2084
2479
3799
2106
2601
4773
2559
1805
1969
2899
2460
2909
4223
2157
2336
2423
2477
2878
3170
2218
2329
4983
3985
4176
2880
3371
1834
3059
3467
2398
4919
2492
3786
2089
3304
4158
1989
2900
1879
3698
3974
2019
2361
3312
2171
3755
2445
2660
4038
3400
3793
2023
2448
3301
2787
4503
1976
2038
3202
1886
2630
1887
2631
5093
1839
3172
3705
4085
3326
3503
4916
4928
3494
3410
3605
2907
3022
4298
3462
1849
3601
2558
3624
5005
3288
3806
2237
3414
2255
2553
2808
2438
4203
4861
1929
2218
2221
1910
2634
5041
3092
2304
3506
3555
2098
5010
1902
2047
2073
3447
4295
2025
2628
3007
1963
2959
3842
4899
2849
3470
2530
4667
1868
2005
2046
2076
3297
4504
5071
2095
2261
4084
5064
2133
2200
2338
5045
2179
2772
2006
2886
3572
3816
5139
2790
5126
3104
4415
2046
2108
2368
3370
3360
2615
4321
4973
2163
2176
2865
4447
2813
3778
3252
2335
3167
2920
4190
5034
4297
5050
3138
4996
3139
5000
2031
2545
5141
2068
3958
2109
2450
3327
3849
3092
5074
2175
4459
2005
2025
3835
4945
4947
5078
2156
4038
2395
3845
2527
3245
3433
2593
3834
1951
2000
2422
3729
2053
4880
4971
1921
1943
3874
5100
4136
4401
4899
2415
2962
1925
1948
2814
4405
4880
2546
4275
2363
2678
2614
3032
3134
2285
2776
5038
2541
2125
3298
3106
2277
2283
2801
5044
2431
2698
2000
3442
4949
4950
5079
4952
4953
5081
3038
3175
2116
2751
4355
3049
3914
4446
5026
2145
3992
2393
3022
4728
2546
2604
4470
4113
2177
2037
4084
4338
1982
2394
3802
3184
3292
2163
3366
2186
3383
3217
3374
2077
2227
2675
4056
4411
1951
3766
1962
2464
2192
3627
3284
3539
2305
2744
4918
3369
2562
4580
2126
4398
5146
3101
3207
3852
2068
2483
3502
2879
2117
2389
2704
5016
2134
2557
3583
4956
2425
2426
3059
3569
2286
3099
3712
2012
2633
2756
2539
3406
3378
4311
2086
2604
4130
2964
4083
1997
4412
4926
2448
2589
4260
2194
2589
4469
2338
3023
5046
2710
2945
2100
2301
3013
3427
4338
2464
2493
2061
2138
2744
3834
2418
3228
2274
2754
2038
2798
4142
2032
3809
4422
5001
4423
5004
2741
3971
2334
2681
4540
4005
4883
3013
3349
2024
2041
2701
3873
2010
3370
2839
4116
4975
2406
3968
4337
3342
2353
2606
3790
2309
4809
2410
2726
4869
2347
2375
2711
3093
2207
3496
4944
2256
3411
4940
2196
5127
2539
2854
3406
3424
3974
3448
4030
3817
2238
5134
2252
3599
2181
2265
2156
2341
2424
2478
2338
2440
2369
3124
4081
3132
3564
2240
3684
3249
2570
4213
5025
3093
3123
3125
3573
3798
3439
3705
2361
2681
4122
2158
2804
4361
2334
3361
4012
2220
3514
4948
2208
3515
4951
2423
3211
2194
3350
4020
2517
2867
3491
5147
2611
4418
2028
2198
3681
2343
2457
2483
4134
2033
3479
3480
4975
2096
2545
3174
2299
4116
5112
4831
2143
3084
3214
4866
2780
3253
4992
2117
2704
3323
2141
3804
2078
2359
4454
2670
4125
4528
2169
2275
2369
2847
4027
2073
2177
2753
3741
4257
3742
4258
3575
2396
2561
4493
4888
4493
4970
4107
4187
5031
4224
2490
2649
4243
5021
4229
2636
2904
2255
2386
4581
2138
3168
3757
3562
3667
4638
4110
2304
2611
4496
3335
3382
3470
4123
2907
5086
2973
3051
3577
3922
2935
3263
3353
2081
2525
2146
2351
3955
2615
2178
2359
4402
2267
2774
4441
2223
2623
2525
2551
3766
3870
2339
3269
3326
4381
2132
5145
3791
4191
4136
2819
4354
4885
3469
4351
2823
4195
2103
2448
2544
2642
3343
2134
2297
4440
2538
3444
4369
4409
2535
3050
3233
2476
2946
4080
3747
4290
5144
2460
3102
3287
3547
2763
2987
2926
4260
2224
2466
2781
3096
4556
2154
2243
2852
5085
2156
2368
3397
4185
4886
2268
3006
2822
4414
2764
3391
4211
2318
2439
4443
4443
3398
3764
3836
3837
3838
4398
5146
2164
2249
2851
5087
2165
2250
2853
5089
4427
2500
2988
3135
2145
4552
4409
2770
2976
3007
3404
2999
3525
4133
2330
2690
4210
4327
2794
4390
2758
2345
3238
3922
4412
4926
4371
2151
2361
2644
2485
2849
4351
2612
4421
5015
2778
2978
3084
5116
3285
3727
2818
2533
3310
2975
4275
2670
3549
2941
3260
4047
4122
2351
2818
3639
4944
5086
2560
2598
4822
3028
4026
3757
2168
2247
2969
4134
4099
2346
2710
4785
2457
3177
3459
4117
4951
5088
4948
5090
2669
3176
2503
2667
4092
5005
2483
2749
3204
2275
3281
3817
2738
3094
2963
3112
2823
2914
4619
2471
2809
2866
4677
2587
2775
2272
2865
2753
4334
3691
2789
4263
2367
3103
3055
4483
2376
3107
2377
3109
4425
2979
3131
3476
4121
2307
3460
2308
3461
3468
4112
2543
2834
2891
2927
3386
3968
2304
3385
3682
2584
2786
2835
3150
2551
3815
5128
2866
2927
3927
2493
2916
3100
4411
2347
2639
2711
3158
2307
2308
2213
3759
3899
4106
2792
3226
3471
5086
2378
3463
5088
4435
5022
4436
5026
4200
2279
4359
5068
2346
2553
3841
2849
2905
3620
2238
3285
2277
2662
3944
2972
2736
3164
4962
2382
3474
5090
2736
3898
4026
2991
4418
2247
2969
3215
2248
2578
2363
3410
2434
2616
2543
2810
2834
2857
3137
2538
4256
2253
2492
3509
2619
3249
2312
3401
4429
3356
4150
3444
2419
2693
4118
4573
3058
3153
3824
4071
2381
2654
2431
3400
2313
2889
5154
2270
3712
2590
5133
4229
2781
3204
2600
4102
4868
2315
2902
5155
2314
2901
5157
2285
3044
4018
2386
3594
3971
2574
3056
3654
3175
3192
4561
3771
3416
2271
4246
5074
4182
4922
3682
2773
4419
2799
3771
2414
2559
4905
2743
4352
4882
2977
3055
2695
5126
2672
3256
2790
3423
5122
2575
3556
3588
3017
3237
2494
2540
4871
4081
4371
3666
4075
2409
4081
4908
3393
3840
4929
3098
3251
3848
2572
3061
4170
5164
2365
3155
2409
4169
4288
3797
3214
2592
3942
2331
3551
3185
3459
2486
3521
4941
3989
4938
2844
3946
4239
4141
2579
3280
3510
2783
3099
4463
2860
2921
3758
3583
3803
4964
3167
2905
3762
2893
2825
4242
2826
4241
3828
4372
3297
4163
5176
5180
3417
3120
3208
2793
2919
2947
4255
4710
2761
3198
4395
2760
3199
4394
2759
3200
4393
3035
4135
5071
3669
3935
3108
2602
2872
3110
3271
2487
3341
4029
4373
4319
4896
3146
3194
3147
3195
2455
2992
3040
2808
3258
4200
4454
2569
3551
3052
3698
5050
2620
3449
3855
3863
2724
2981
3293
3321
2498
5159
2755
3444
3798
2986
3779
2796
2929
2982
4281
2489
3602
2529
3804
3933
3970
4063
2502
3419
3154
3440
2460
2908
4647
3262
3476
2408
2430
2750
4110
2366
2456
4167
2522
3630
3889
3069
3205
4399
2402
2459
3028
3807
3387
2530
3069
4718
4875
2644
3756
3778
2461
2591
4425
3155
4565
5062
4274
2939
4062
3895
4906
2721
3009
4050
2722
3008
4051
2723
3010
4052
3991
5101
2536
4261
3496
2728
2950
4066
2727
2951
4067
2651
3732
2384
3905
2385
3906
3192
2647
3745
3038
3039
3085
4023
3086
4024
2741
2924
3514
3515
2612
2747
3836
3266
3623
3857
3267
3621
3858
3268
3622
3859
4223
2528
2998
2652
4187
3061
4088
2521
2527
4879
2881
4177
2550
2646
2856
3066
2763
3880
2791
3328
2459
2885
3547
2444
3434
4297
5050
3117
3409
3777
2696
4381
4928
2824
2874
3211
4202
2662
2726
2888
2599
3874
2897
3737
2703
3137
3185
2677
2966
3787
3344
3679
3392
3435
2514
2551
3424
4066
3277
4067
3355
4266
5048
2840
3413
3285
3331
2537
2847
3043
4248
3549
2481
2495
2470
4231
2508
2648
2596
3163
3244
3060
3079
3262
3092
4492
2821
3608
2603
3015
3087
3165
3524
3813
3574
3788
3095
4014
2625
3456
3565
3947
2626
3458
3566
3948
2627
3457
3567
3949
4516
3067
3678
4191
2734
3661
3671
2544
3572
3367
3367
4185
2896
3330
5037
3254
3362
2643
4711
2966
3611
3832
2650
2862
3309
3852
4240
2528
2591
4149
2674
3072
3089
3962
2985
3288
4315
2854
3117
2940
3215
3662
4784
3779
4577
5063
2699
2871
4890
2904
3421
2577
3066
2482
2779
3833
2537
3283
2771
3812
2757
2817
3331
3060
3498
2848
2960
2495
2516
2749
2961
3313
2942
4246
3254
3436
3529
2576
3396
4403
4475
2504
2757
3160
4019
4055
3968
4129
4439
3249
3581
3310
3592
2793
2806
2989
4072
3028
3223
5160
2568
2633
3080
4532
3166
3188
5059
2640
3161
2617
4701
2937
3919
2575
4207
2648
4171
3337
3706
5162
2864
2920
3785
2862
3415
3744
3754
4282
4070
5093
3212
3497
3569
2661
2867
3746
3782
4283
2795
2796
2665
3152
3800
2527
3781
4420
3135
3549
4362
5013
3890
4525
4860
4439
2612
2747
4259
2787
3160
3602
3232
3907
4003
4156
2563
2691
4064
4559
2665
3174
3800
4544
2613
4080
3713
3892
2915
4094
2619
2941
2689
2751
2821
2875
3295
3908
2918
3025
3151
3504
3839
4713
5073
2638
3131
5062
3246
4117
3029
3465
2565
4743
3643
3856
3993
2828
3644
3854
3994
2827
3645
3853
3995
2758
2803
4104
3181
3668
2968
4507
2622
3061
3126
4798
4502
4586
3239
4190
2673
3077
2633
3183
3344
4008
4294
4561
2622
4186
4376
2782
3509
2719
2971
3851
3775
4518
2877
3234
4483
4324
2748
2712
2756
3063
3183
2786
3598
2713
3911
4995
2714
3912
4999
2775
3576
2646
2702
3466
4250
3513
3829
4520
3988
2694
3030
3718
4329
4301
3398
3540
3738
3034
3134
5102
3299
3843
2819
3930
4990
4198
4497
2603
2872
3247
3015
3247
3389
3697
4437
3231
4296
3392
4114
2729
3611
3003
3516
3390
4119
3699
3954
3740
2653
3283
3074
3451
3584
3246
3963
5112
2740
2711
4309
3448
3530
3236
4459
4459
3046
3916
3047
3918
3048
3917
2664
3530
4027
2632
4724
3194
3195
3240
4213
3208
5043
2698
3001
2798
3287
3739
4224
3280
5061
2908
3070
4484
2933
2678
2976
2949
3525
4370
5068
3057
3197
4481
5058
3465
4316
2693
2720
5090
3996
2694
4320
2983
3477
4274
2695
2731
5088
3845
3043
3148
4120
2665
3181
3982
2723
2851
2954
3867
2721
2852
2955
3869
2722
2853
2956
3868
3418
4757
3067
3651
3669
3849
4332
2765
4183
3007
3050
3372
3603
2870
3540
4115
2958
4470
4777
4652
3015
3206
3302
2842
3077
2762
3220
4196
4492
5036
3224
5094
3357
3539
2976
3392
2860
2930
2892
2938
3473
3662
4690
5067
2857
3213
4302
4485
3218
4372
3219
4373
4375
3664
3570
3909
3955
3700
3310
3536
3593
2890
2720
4055
2731
3113
4359
4929
2704
2896
4666
5037
3001
3390
2700
3595
3596
4360
2838
3066
3961
3021
2953
3492
3010
4600
3008
4601
3009
4602
3031
3364
3289
3055
3453
4921
3585
4993
3587
4997
3041
3372
3417
3005
3218
4455
3004
3219
4456
3190
3213
4336
4212
3767
3268
3860
3267
3861
3266
3862
2981
3638
4074
3695
2827
2828
2778
3674
4501
3774
3316
3373
4106
3073
3795
3975
4552
2899
3349
5084
3275
4352
2768
2797
3318
2931
3201
3669
3895
2924
3722
3634
3865
3606
4513
4217
4218
4287
3181
2967
3255
3864
4141
3409
3777
3714
3827
3870
3229
3806
4244
3027
3904
4387
2851
3010
4138
2853
3008
4139
2852
3009
4140
3182
3306
4045
3730
4002
2930
3518
4013
2944
3179
2969
3129
4610
2850
2879
2797
4364
3248
3328
3211
3450
4173
5018
3952
4247
4101
4298
3462
4365
5037
4392
4267
2988
3487
2913
4540
3891
2876
5131
2815
5064
5096
3494
4174
4245
2911
3507
4308
3115
3546
3672
3078
4619
4496
4057
4169
3431
4143
4863
3052
2904
5017
4245
4353
3936
4825
5043
4324
5182
2863
3897
3340
3553
4329
5184
3631
4453
3240
3363
4466
4581
2871
3434
4516
3190
3600
2916
3681
3871
2893
3739
4298
4386
4463
4426
4795
2861
4310
5152
2997
3027
4377
4399
3710
3910
4294
3053
4093
4219
3628
3743
4197
3186
3545
3701
3187
3544
3702
4317
4318
2836
3408
3541
3926
3890
4370
3289
3295
3796
4717
5111
4201
4340
4469
2846
3394
3541
3356
4322
3112
3466
3018
2877
3753
3552
3615
3842
3890
3547
3286
3387
4073
4168
3196
4341
3432
4180
4123
2879
3349
3362
4039
4041
4040
3418
4451
4984
3365
4606
3190
4065
2887
3846
5110
3217
4160
4240
3632
3478
4349
3477
3763
3792
4104
4100
3246
3314
2891
3014
4682
2978
3831
2906
3844
5105
4249
5006
2931
3022
3277
4164
4614
2933
4262
4477
5132
4965
3170
3519
3114
4048
3024
3205
3240
3363
2994
4098
4366
2995
4097
4367
2998
3039
2980
4312
5109
4511
3198
3422
4945
3033
4192
4037
3248
4225
3287
2948
3317
4488
3445
3896
4287
3180
4557
2909
4432
4249
3199
3429
4949
3200
3428
4952
4179
3210
4314
5104
2911
3277
4722
4722
2961
2967
2974
3277
2952
2959
3815
4247
4356
3234
3748
3036
3482
4439
4977
3050
3149
4478
3878
3876
4736
3083
4361
3330
3391
5038
4364
4074
3639
3032
3075
3493
3361
3878
3716
3796
3019
4096
4385
3877
4741
3296
3719
3201
3434
3063
3710
3717
3613
3820
4261
2969
2974
4042
4177
4280
4377
3748
4443
3103
3463
4570
3096
3564
3893
3173
3088
3573
3042
3157
3179
4464
4858
3577
4643
3106
3325
4433
3343
3820
4075
3107
3474
4568
3109
3471
4569
2993
3364
3076
5038
3656
3862
3657
3860
3658
3861
3929
3692
4397
2993
4562
2967
3024
2993
4651
4537
4538
2968
2992
3255
4726
3156
3159
4054
3923
4301
3051
3264
3263
3350
3929
4430
4662
3133
3269
3468
3609
4654
3653
3727
3300
3603
3288
4240
3145
2989
3070
3487
3158
3362
3302
3450
3594
3831
3272
3701
4009
3273
3702
4010
3054
4384
3809
3126
4618
4380
4966
3064
3188
3414
3885
4099
3352
3351
4539
3435
4235
4234
4236
3053
3390
3608
3936
3102
3349
3230
3660
4360
4308
3443
4420
3450
4219
4350
3305
3672
4011
3132
3212
3473
3805
4543
4101
4392
3125
3037
3166
3430
4380
3616
4378
3516
3821
3318
3364
3987
4214
4504
3819
3064
3772
5057
3143
3126
3239
3558
3832
4111
4479
3157
4410
3723
4635
3093
3123
3518
3119
4799
4226
4227
4228
3315
3345
3554
3668
3057
3212
3434
3580
3430
3416
4961
3144
3721
4046
3197
3212
3259
4014
4209
3437
3685
3257
5163
4467
4244
4920
3987
3303
3452
3223
5160
3145
3172
3779
4667
4328
3184
3777
4355
3220
4374
3412
4291
3189
3388
4357
3665
4923
3091
4357
4468
4489
4100
5034
4070
3375
4455
3376
4456
4612
4612
3203
3368
3217
3271
4121
4150
3318
3875
5128
4610
4610
3703
3821
4019
3308
4063
4230
3214
4477
3307
3357
4620
3521
4941
4725
3604
3649
5048
3121
3814
4488
3481
4727
4727
4728
4728
4506
3755
3329
3178
3193
3640
4563
4520
4476
3676
3720
3333
4911
3182
3872
4478
4208
4450
4476
3263
3143
4179
3650
3976
4445
4505
4175
3298
3264
3451
4652
3659
3137
4117
4366
4367
3622
4765
3623
4764
3621
4766
3309
3821
5151
3172
3351
4915
3352
4913
3723
4799
3898
4356
5070
3166
4092
4355
4478
4077
4725
3298
3231
3579
3896
3652
3827
3521
4972
3384
3610
3161
4071
4118
4168
4645
4442
4963
4021
4388
3553
3931
3813
4756
4686
3377
3480
4169
4288
3772
4214
4350
5076
4750
3193
3750
3492
4116
4311
4029
3420
3453
3395
3406
3655
4117
3647
3648
3626
4115
3388
4296
5072
3203
3902
3956
4580
3346
3484
3687
3688
3394
4313
4479
4290
4488
4234
4235
4236
4672
4385
4288
5107
4811
3256
4161
4308
3568
3612
3752
3694
3548
4084
4338
4389
4543
4180
4595
3351
3352
3306
3911
4217
3912
4218
4130
4476
3348
4289
5137
3555
4280
3607
5029
5143
3789
3439
4306
3725
3794
4758
3610
4233
3308
3871
4145
3898
3560
3833
3420
3715
4207
4753
3302
4161
4676
3558
4530
4529
4531
4613
5101
3433
4579
3314
4441
3748
4124
4701
5063
4132
4962
4303
4991
4021
4076
4246
4351
3507
4359
4381
4353
5012
4148
4344
5097
3909
4320
3368
3720
4212
3925
4121
5108
5103
3542
4155
4472
4473
4474
3454
3446
3524
4475
3647
5175
3648
5179
3324
3792
4008
4642
3443
3577
3432
3677
3387
4402
4979
5118
3695
3633
4000
3818
4751
5098
4774
3357
3385
3490
3642
4594
3440
3500
3404
5131
3358
4135
5071
3406
3576
4454
3483
4678
3505
3758
3970
4703
4485
3356
4150
4383
3899
4491
4074
3350
3625
4612
3535
3354
3709
3640
4095
3385
3628
4109
4358
3592
4100
3361
3589
3734
4312
3334
4146
3332
3345
3612
3426
3825
4204
3607
4433
5029
3815
3930
3939
4796
3483
3609
3326
3503
3799
3338
4666
3951
4181
3481
3814
4448
4197
3397
4279
4124
4245
4353
3758
4193
3612
3776
4160
5122
3812
5032
4637
3454
3978
3696
3715
5161
5121
3370
3793
4578
3693
3826
4396
4808
3346
3750
3700
4564
3484
3893
4149
3636
5138
4622
4539
4424
3649
3965
3719
4383
4197
4902
4607
4626
3521
4397
4528
4891
3516
3459
4609
3751
3962
4609
4179
4490
3825
4756
3495
4462
3905
3906
3378
4091
4267
3947
4050
4623
3948
4051
4624
3949
4052
4625
4180
5035
3476
4607
4291
3627
4427
3708
3790
3791
3533
3697
3430
3797
3435
4724
5067
3677
4800
3738
3693
3760
4482
3578
4202
3819
4157
3636
3763
3903
3485
3591
3786
4429
3557
3966
4761
3517
3588
3506
4125
3586
4303
4991
3926
4060
3646
4262
3486
3593
3455
4006
4415
3729
3803
4964
4171
4167
4904
4194
4454
4279
5083
3704
4045
3640
4254
4789
3665
4127
4332
3580
3698
4090
4444
4696
4872
3543
4013
4551
3452
4342
4790
4791
5142
3663
3677
3723
3915
4059
5148
3455
4076
4442
3775
4636
3705
4330
4088
3448
3537
3876
4176
3852
4108
3686
4576
3490
3601
4758
4616
4487
3964
4128
4005
4940
3916
4812
3917
4813
3918
4814
3551
3647
4264
5175
3648
4265
5179
3697
4563
4695
5087
3641
3964
4054
4053
3569
3605
3666
3829
4626
3517
4339
3502
4464
4692
5085
4517
3662
3683
4694
5089
4193
3899
3653
3538
4189
4743
5111
3531
4807
5041
3646
3877
3942
4047
3591
4292
3593
4293
4645
3884
4300
3670
4583
3654
4295
3744
3873
4588
3896
3839
4622
4292
4413
5168
3924
4314
3689
4175
3559
3620
3796
3552
3746
3894
4585
5107
3840
3532
3839
3950
4206
4280
4377
4298
3761
4375
5046
4035
3695
3990
3759
4172
3538
3721
3582
3829
4416
5170
4417
5172
3938
3797
4452
4300
3670
4069
4560
3523
3596
3595
3686
4633
3921
3886
4509
3887
4508
3888
4510
4633
3866
4030
3960
3533
4219
3588
3734
3972
3945
4293
3555
4349
5118
3783
4199
3901
4157
4824
4034
4131
4802
4015
4241
4016
4242
4017
4263
4195
4642
3735
3936
5114
3781
4535
3757
4233
4496
4795
5073
3763
3903
4147
3724
4907
5150
3748
3847
5005
5060
3811
4500
3689
3840
3662
4506
4623
4624
4625
3612
4495
3750
3574
4977
3928
4521
4967
4505
3909
3830
4499
3590
3864
5083
3953
4053
3815
3807
3598
4188
5166
3630
3641
3790
4529
4530
4531
4044
4252
5084
4043
3605
4064
3599
4653
4709
4247
5076
4826
4710
3608
3726
4859
5047
3728
3889
3787
4746
4708
4535
5013
4071
4031
4910
4033
4912
4032
4914
4158
4803
4804
4805
3847
4029
4396
4171
5059
5012
3743
3833
4267
4216
4271
3986
4703
3817
3865
3967
4522
3801
3895
3683
4169
3954
4653
4271
3654
3946
4591
4592
4593
3764
4322
3711
4582
3827
4447
5134
4129
3908
4031
5052
4032
5056
4033
5054
4149
3794
4682
3795
4680
3999
4143
4276
4035
4182
4365
3750
4048
5070
4092
3801
4368
4693
4017
4673
3816
4082
4611
3783
3727
4686
3751
3956
4675
4313
4744
4522
4300
3991
4159
3743
4489
4292
4293
4818
3845
3846
3799
3816
4584
4574
3866
4030
4526
3844
3704
3814
4448
3919
3954
4016
4684
4015
4685
4310
5151
3715
4486
3806
5096
4342
4527
4980
4339
3951
4008
5160
4266
3818
4176
5129
3827
4319
3927
4646
4118
3942
4320
4551
3751
4055
3771
4245
4800
4737
4007
4073
4527
4341
3924
4511
3920
4328
4343
3874
3904
3951
4181
3973
4725
4001
4376
3938
4714
5113
3756
4405
3960
4342
4092
4355
4992
3770
3857
4600
3768
3858
4601
3769
3859
4602
3849
4655
3977
4727
3842
4656
3793
4761
5137
4534
3953
4519
3961
4481
4404
3950
4330
4491
3851
4498
4678
5045
3972
4339
5138
3819
3767
4567
4994
3881
4657
3882
4659
3883
4658
3982
3987
3774
4998
4403
3852
3914
4240
5007
5046
4036
4079
4634
3894
4579
4533
3787
4166
4460
4590
4876
4578
4823
4068
4203
4978
4170
3791
4191
4850
4852
3958
4457
4480
4776
3935
4620
4167
4703
3925
4121
4176
3935
4378
4714
4900
4193
4022
4144
4583
4519
4190
4818
4382
4077
5097
3893
3900
4055
4004
4028
4702
4210
4840
4209
4841
4802
4753
3919
4377
4533
3971
4726
4346
4616
4687
4688
4689
3899
4785
4785
4719
5058
4230
4844
4239
4842
4606
4317
4550
4318
4547
4309
4548
3976
4549
3883
4687
3881
4688
3882
4689
4553
4554
4555
3920
4484
4548
4202
4449
4617
4125
4031
4472
4033
4473
4032
4474
4109
4362
3878
3913
4519
3939
4335
4427
4012
4580
4322
4343
4803
4804
4805
4784
4674
4841
4842
4840
4216
3946
4560
5130
4533
4296
4147
4188
4436
3921
4746
4249
3929
4780
3910
3939
3911
3912
4145
4832
3963
4387
4290
4488
5030
4108
4611
5139
4629
4630
4631
4002
4512
4502
4061
3959
4172
3956
4675
4437
4844
4020
3939
4664
4257
4839
4259
4837
4258
4838
4536
4665
4715
5153
4541
4668
4705
5156
4514
4542
4669
5158
4047
4027
4030
4856
4798
4406
4812
4407
4814
4408
4813
4792
4419
4577
4233
4617
4153
4836
4158
4177
5143
4091
4482
4518
4196
4534
5102
4834
4147
4575
4704
4442
4381
4185
4410
4887
4206
4287
4311
4128
4467
4085
4270
3984
4327
4693
4697
4468
4376
4556
4530
5055
4529
5053
4531
5051
4029
4403
4344
4851
5098
4345
4852
4148
4676
5097
4103
4278
4453
4518
4662
4647
4939
4671
4613
4797
5099
4541
4549
4570
4542
4547
4568
4536
4550
4569
4651
4211
4792
4178
4299
4584
4079
4144
4664
4163
4487
4358
4849
4049
4307
5117
4220
4363
4850
4244
4098
4781
4097
4783
4096
4782
4290
4131
4452
4164
4783
4781
4782
4739
4922
4126
4618
4633
4144
4325
4471
4759
4760
4048
4307
4444
4515
4938
4079
4615
5166
4340
4582
4062
5016
4066
5002
4067
5003
4346
4424
4651
5010
4141
4334
4465
4663
4295
4349
5152
4779
4406
4765
4407
4766
4408
4764
4054
4637
4390
4713
4770
4145
4439
5140
4855
5087
5125
4159
4662
4201
4302
5089
5085
4613
4151
4368
4691
5136
4253
4321
4973
4363
4594
4261
4370
4220
5129
4277
4309
4639
4144
4683
4166
4382
4806
4504
4356
4380
4285
4317
4640
4286
4318
4641
4857
4564
4189
4414
4717
4706
4854
4629
4630
4631
4357
4223
4441
4752
4299
4391
4181
4232
4646
5092
4551
4574
4296
5072
4159
4617
4313
5094
4747
4335
4152
4544
5148
4674
4350
4154
4561
5142
4642
4506
4158
4351
4225
4619
4397
4310
4775
5121
4823
4563
4716
4145
5140
4243
4320
4505
4738
4434
4797
4989
5119
4393
4421
5015
4394
4422
5001
4395
4423
5004
4231
4173
4793
5018
4634
4161
4238
4164
4165
4222
4304
4225
5147
4576
4192
5141
4605
5039
4284
4524
4849
4674
4494
4595
4222
4400
4480
4589
4369
4560
4184
4523
5144
4543
4673
4503
4690
5124
4299
4326
4571
4398
4566
4319
4611
4252
4712
4637
5165
4307
4435
4214
4451
4737
4489
4465
4511
4364
4778
4646
4525
4450
4532
4837
4845
4739
4721
4720
4716
4845
4557
4559
4776
4405
4609
4291
4684
4685
4323
4572
4851
5098
4369
4480
4553
4933
4554
4935
4555
4937
4794
4730
4410
4398
4956
5138
4623
4624
4625
4272
4307
4435
4546
4273
4436
4545
4729
4839
4838
4532
4618
4288
4635
4712
4316
4498
4522
4334
4487
4639
4643
4736
4751
4657
4659
4658
4626
4771
4836
4640
4641
4834
4272
4779
4893
4273
4780
4895
4672
4750
4546
4892
4545
4894
4686
4622
4583
4309
4699
5168
4584
4397
4654
4741
4655
4740
4656
4742
4379
4832
4317
4700
5170
4318
4698
5172
4693
4458
4557
4402
4672
4391
4707
5092
4793
4608
4691
4391
4400
4772
4368
4457
4538
4446
4329
4324
4382
4460
4537
4606
4475
4333
4751
4368
4471
4538
4382
4537
4571
4345
4734
4484
4796
4485
4444
4702
4566
4502
4572
4681
4410
5127
4389
4562
4574
5162
4826
4490
4445
4596
4721
4720
4677
4607
4620
4386
4463
4969
4402
4359
4399
4747
4730
4527
4578
4524
4729
4775
4684
4685
4558
4664
4759
4760
4855
4392
4524
4535
4670
4793
4673
4440
4458
4678
4711
4794
4400
4591
4592
4593
4526
4808
4811
4589
4525
5014
4518
4942
4954
4553
4554
4555
4738
4778
4794
4692
5167
4738
4858
4694
5169
4695
5171
4653
4778
4750
4600
4601
4602
4437
4706
4739
4562
5123
4709
4647
4960
4614
5135
4449
5083
4854
4708
5120
4461
4634
4556
4603
4697
4796
4559
4539
4486
4807
4452
4706
4772
4759
4760
4480
4660
5166
4769
5009
4845
4528
4614
5069
5075
4801
4687
4688
4689
4834
4490
4831
4661
4498
4661
4671
4491
4663
4543
4826
4564
4769
4770
4779
4780
4566
4681
4770
4752
4817
4816
4815
4596
4598
4677
4597
4604
4599
4603
4714
4797
4771
4810
4755
4806
4719
4777
4723
4670
4692
5154
5106
4695
5155
4694
5157
4749
4599
4597
4598
4748
4754
4734
4772
4752
5128
4694
4692
4695
4848
4676
4771
5133
4660
4762
5165
4679
4832
5011
4632
4827
4621
4829
4627
4830
4628
4828
4608
4755
4892
5155
5157
5154
4758
4769
4821
4819
4669
4820
5100
5146
4833
5165
4643
4654
4655
4656
4843
4744
4776
4857
4925
5078
5079
5081
4745
4810
4652
4733
4817
4731
4815
4732
4816
4761
4719
4854
4767
4786
5167
4775
4747
4763
4787
5171
4788
5169
4827
4961
4723
4835
4701
4830
4829
4828
4712
5164
4718
4801
4819
4894
4821
4846
5171
4847
5167
4820
5169
4981
4749
4762
4748
4763
4773
5091
4784
4798
4823
4773
4768
4754
4767
4735
4724
4855
4757
4740
4741
4742
5145
4743
4745
4757
5159
4809
4833
4846
4847
4795
4859
4822
4789
5077
4790
5082
4791
5080
5153
5156
5158
4835
4824
4843
4848
4825
4809
4822
4835
4856
4843
4857
5163
5161
4859
4861
4863
4958
4865
4866
4867
4867
4869
5061
4871
4873
4874
4894
4875
4875
5024
4877
4878
4892
4879
4879
5020
4881
4883
4885
4887
4888
4889
4889
4891
4893
4895
4897
4922
4899
4901
4902
4903
5113
4903
4905
4907
4908
4909
4909
4911
4913
4915
4917
4928
4919
4921
4938
4923
4925
4927
4929
4931
4974
4933
4992
4935
4994
4937
4998
4939
4941
4943
4955
4945
4946
4947
4947
4949
5174
4950
5173
4952
5178
4953
5177
4955
4970
4968
4957
4958
4959
5137
4959
4961
4963
4965
4967
4969
4970
4971
4971
4973
4975
4977
5014
4978
5014
4980
4981
5117
4982
4982
4984
4985
4986
4986
4988
5047
4990
4992
4994
4995
4996
4996
4998
4999
5000
5000
5002
5004
5006
5008
5010
5012
5014
5016
5028
5018
5020
5021
5022
5022
5024
5025
5026
5026
5028
5030
5144
5032
5033
5034
5034
5036
5038
5040
5120
5042
5043
5044
5044
5046
5048
5050
5052
5054
5056
5058
5059
5060
5060
5062
5064
5066
5118
5068
5070
5072
5074
5076
5078
5168
5080
5170
5082
5172
5084
5086
5088
5090
5092
5094
5096
5098
5100
5119
5102
5105
5181
5105
5182
5107
5110
5183
5110
5184
5112
5114
5115
5116
5116
5118
5120
5122
5124
5126
5128
5130
5132
5134
5136
5138
5140
5142
5144
5146
5148
5150
5152
5154
5156
5158
5160
5162
5164
5166
5168
5170
5172
5174
5175
5176
5176
5178
5179
5180
5180
5182
5184
)


// ************************************************************************* //
