/*--------------------------------*- C++ -*----------------------------------*\
  =========                 |
  \\      /  F ield         | OpenFOAM: The Open Source CFD Toolbox
   \\    /   O peration     | Website:  https://openfoam.org
    \\  /    A nd           | Version:  11
     \\/     M anipulation  |
\*---------------------------------------------------------------------------*/
FoamFile
{
    format      ascii;
    class       vectorField;
    location    "constant/shell_fluid/polyMesh";
    object      points;
}
// * * * * * * * * * * * * * * * * * * * * * * * * * * * * * * * * * * * * * //


1327
(
(1 0 0)
(0 1 0)
(0 -1 0)
(-1 0 0)
(4 0 0)
(-4 0 0)
(0 4 0)
(0 -4 0)
(0 -1 20)
(1 0 20)
(0 1 20)
(-1 0 20)
(4 0 20)
(0 -4 20)
(-4 0 20)
(0 4 20)
(0.707107 0.707107 0)
(-0.707107 0.707107 0)
(-0.707107 -0.707107 0)
(0.707107 -0.707107 0)
(3.89971 0.890084 0)
(3.60388 1.73553 0)
(3.12733 2.49396 0)
(2.49396 3.12733 0)
(1.73553 3.60388 0)
(0.890084 3.89971 0)
(-0.890084 3.89971 0)
(-1.73553 3.60388 0)
(-2.49396 3.12733 0)
(-3.12733 2.49396 0)
(-3.60388 1.73553 0)
(-3.89971 0.890084 0)
(-3.89971 -0.890084 0)
(-3.60388 -1.73553 0)
(-3.12733 -2.49396 0)
(-2.49396 -3.12733 0)
(-1.73553 -3.60388 0)
(-0.890084 -3.89971 0)
(0.890084 -3.89971 0)
(1.73553 -3.60388 0)
(2.49396 -3.12733 0)
(3.12733 -2.49396 0)
(3.60388 -1.73553 0)
(3.89971 -0.890084 0)
(0.707107 -0.707107 20)
(0.707107 0.707107 20)
(-0.707107 0.707107 20)
(-0.707107 -0.707107 20)
(0 -1 1)
(0 -1 2)
(0 -1 3)
(0 -1 4)
(0 -1 5)
(0 -1 6)
(0 -1 7)
(0 -1 8)
(0 -1 9)
(0 -1 10)
(0 -1 11)
(0 -1 12)
(0 -1 13)
(0 -1 14)
(0 -1 15)
(0 -1 16)
(0 -1 17)
(0 -1 18)
(0 -1 19)
(1 0 1)
(1 0 2)
(1 0 3)
(1 0 4)
(1 0 5)
(1 0 6)
(1 0 7)
(1 0 8)
(1 0 9)
(1 0 10)
(1 0 11)
(1 0 12)
(1 0 13)
(1 0 14)
(1 0 15)
(1 0 16)
(1 0 17)
(1 0 18)
(1 0 19)
(0 1 1)
(0 1 2)
(0 1 3)
(0 1 4)
(0 1 5)
(0 1 6)
(0 1 7)
(0 1 8)
(0 1 9)
(0 1 10)
(0 1 11)
(0 1 12)
(0 1 13)
(0 1 14)
(0 1 15)
(0 1 16)
(0 1 17)
(0 1 18)
(0 1 19)
(-1 0 1)
(-1 0 2)
(-1 0 3)
(-1 0 4)
(-1 0 5)
(-1 0 6)
(-1 0 7)
(-1 0 8)
(-1 0 9)
(-1 0 10)
(-1 0 11)
(-1 0 12)
(-1 0 13)
(-1 0 14)
(-1 0 15)
(-1 0 16)
(-1 0 17)
(-1 0 18)
(-1 0 19)
(3.89971 -0.890084 20)
(3.60388 -1.73553 20)
(3.12733 -2.49396 20)
(2.49396 -3.12733 20)
(1.73553 -3.60388 20)
(0.890084 -3.89971 20)
(-0.890084 -3.89971 20)
(-1.73553 -3.60388 20)
(-2.49396 -3.12733 20)
(-3.12733 -2.49396 20)
(-3.60388 -1.73553 20)
(-3.89971 -0.890084 20)
(-3.89971 0.890084 20)
(-3.60388 1.73553 20)
(-3.12733 2.49396 20)
(-2.49396 3.12733 20)
(-1.73553 3.60388 20)
(-0.890084 3.89971 20)
(0.890084 3.89971 20)
(1.73553 3.60388 20)
(2.49396 3.12733 20)
(3.12733 2.49396 20)
(3.60388 1.73553 20)
(3.89971 0.890084 20)
(4 0 1)
(4 0 2)
(4 0 3)
(4 0 4)
(4 0 5)
(4 0 6)
(4 0 7)
(4 0 8)
(4 0 9)
(4 0 10)
(4 0 11)
(4 0 12)
(4 0 13)
(4 0 14)
(4 0 15)
(4 0 16)
(4 0 17)
(4 0 18)
(4 0 19)
(0 -4 1)
(0 -4 2)
(0 -4 3)
(0 -4 4)
(0 -4 5)
(0 -4 6)
(0 -4 7)
(0 -4 8)
(0 -4 9)
(0 -4 10)
(0 -4 11)
(0 -4 12)
(0 -4 13)
(0 -4 14)
(0 -4 15)
(0 -4 16)
(0 -4 17)
(0 -4 18)
(0 -4 19)
(-4 0 1)
(-4 0 2)
(-4 0 3)
(-4 0 4)
(-4 0 5)
(-4 0 6)
(-4 0 7)
(-4 0 8)
(-4 0 9)
(-4 0 10)
(-4 0 11)
(-4 0 12)
(-4 0 13)
(-4 0 14)
(-4 0 15)
(-4 0 16)
(-4 0 17)
(-4 0 18)
(-4 0 19)
(0 4 1)
(0 4 2)
(0 4 3)
(0 4 4)
(0 4 5)
(0 4 6)
(0 4 7)
(0 4 8)
(0 4 9)
(0 4 10)
(0 4 11)
(0 4 12)
(0 4 13)
(0 4 14)
(0 4 15)
(0 4 16)
(0 4 17)
(0 4 18)
(0 4 19)
(0.59003 1.47856 0)
(1.47856 -0.59003 0)
(-0.59003 -1.47856 0)
(-1.47856 0.59003 0)
(1.39903 0.698272 0)
(-0.698272 1.39903 0)
(0.698272 -1.39903 0)
(-1.39903 -0.698272 0)
(2.32973 2.35993 0)
(-2.35993 2.32973 0)
(-2.32973 -2.35993 0)
(2.35993 -2.32973 0)
(3.17902 -0.35819 0)
(-3.17902 0.35819 0)
(0.35819 3.17902 0)
(-0.35819 -3.17902 0)
(-1.07083 2.95051 0)
(-2.95051 -1.07083 0)
(2.95051 1.07083 0)
(1.07083 -2.95051 0)
(3.32186 0.361948 0)
(2.59059 0.200821 0)
(2.31375 -0.638326 0)
(2.12683 0.858027 0)
(1.56059 1.39546 0)
(3.02675 -1.15601 0)
(2.23825 -1.50391 0)
(1.81813 0.0881273 0)
(0.361948 -3.32186 0)
(0.200821 -2.59059 0)
(-0.638326 -2.31375 0)
(0.858027 -2.12683 0)
(1.41361 -1.56363 0)
(-1.15601 -3.02675 0)
(-1.50391 -2.23825 0)
(0.0881273 -1.81813 0)
(-0.361948 3.32186 0)
(-0.200821 2.59059 0)
(0.638326 2.31375 0)
(-0.858027 2.12683 0)
(-1.39546 1.56059 0)
(1.15601 3.02675 0)
(1.49042 2.24967 0)
(-0.0881273 1.81813 0)
(-3.32186 -0.361948 0)
(-2.59059 -0.200821 0)
(-2.31375 0.638326 0)
(-2.12683 -0.858027 0)
(-1.56363 -1.41361 0)
(-3.02675 1.15601 0)
(-2.24967 1.49042 0)
(-1.81813 -0.0881273 0)
(2.85179 1.7919 0)
(1.7919 -2.85179 0)
(-1.7919 2.85179 0)
(-2.85179 -1.7919 0)
(-1.84169 -2.86858 0)
(2.86858 -1.84169 0)
(1.84169 2.86858 0)
(-2.86858 1.84169 0)
(-1.62097 2.21831 0)
(2.21831 1.62097 0)
(-2.22107 -1.62209 0)
(1.62209 -2.22107 0)
(1.09581 1.77648 0)
(-1.77648 1.09581 0)
(1.77683 -1.09667 0)
(-1.09667 -1.77683 0)
(1.06944 1.15908 0)
(-1.15908 1.06944 0)
(1.16004 -1.06964 0)
(-1.06964 -1.16004 0)
(0.71891 -0.695104 5.5)
(0.71891 -0.695104 7.5)
(0.72117 -0.692758 4.4997)
(0.719054 -0.694954 6.5)
(0.721742 -0.692162 3.49994)
(0.722305 -0.691575 2.5)
(0.72117 -0.692758 8.5003)
(0.722305 -0.691575 1.5)
(0.721742 -0.692162 9.50006)
(0.71891 -0.695104 17.5)
(0.722305 -0.691575 18.5)
(0.722305 -0.691575 16.5)
(0.71891 -0.695104 15.5)
(0.722305 -0.691575 12.5)
(0.722305 -0.691575 10.5)
(0.722305 -0.691575 11.5)
(0.72117 -0.692758 14.4997)
(0.721742 -0.692162 13.4999)
(0.662163 -0.74936 19.2443)
(0.662163 -0.74936 0.755675)
(0.722305 0.691575 5.5)
(0.722305 0.691575 6.5)
(0.722305 0.691575 7.5)
(0.695104 0.71891 3.5)
(0.691575 0.722305 4.5)
(0.692758 0.72117 2.4997)
(0.722305 0.691575 8.5)
(0.691575 0.722305 1.5)
(0.71891 0.695104 9.5)
(0.691575 0.722305 18.5)
(0.691575 0.722305 17.5)
(0.691575 0.722305 16.5)
(0.691575 0.722305 15.5)
(0.695104 0.71891 12.5)
(0.722305 0.691575 10.5)
(0.691575 0.722305 11.5)
(0.691575 0.722305 13.5)
(0.695104 0.71891 14.5)
(0.74936 0.662163 19.2443)
(0.74936 0.662163 0.755675)
(-0.722305 0.691575 5.5)
(-0.691575 0.722305 7.5)
(-0.722305 0.691575 4.5)
(-0.722305 0.691575 6.5)
(-0.722305 0.691575 3.5)
(-0.691575 0.722305 2.5)
(-0.691575 0.722305 8.5)
(-0.691575 0.722305 1.5)
(-0.691575 0.722305 9.5)
(-0.722305 0.691575 18.5)
(-0.722305 0.691575 17.5)
(-0.722305 0.691575 16.5)
(-0.722305 0.691575 15.5)
(-0.71891 0.695104 12.5)
(-0.722305 0.691575 10.5)
(-0.72117 0.692758 11.4997)
(-0.722305 0.691575 13.5)
(-0.71891 0.695104 14.5)
(-0.74936 0.662163 0.755675)
(-0.662163 0.74936 19.2443)
(-0.722305 -0.691575 6.5)
(-0.722305 -0.691575 5.5)
(-0.722305 -0.691575 7.5)
(-0.722305 -0.691575 3.5)
(-0.722305 -0.691575 4.5)
(-0.71891 -0.695104 2.5)
(-0.722305 -0.691575 8.5)
(-0.722305 -0.691575 1.5)
(-0.722305 -0.691575 9.5)
(-0.691575 -0.722305 18.5)
(-0.691575 -0.722305 17.5)
(-0.691575 -0.722305 15.5)
(-0.691575 -0.722305 16.5)
(-0.722305 -0.691575 12.5)
(-0.722305 -0.691575 10.5)
(-0.722305 -0.691575 11.5)
(-0.695104 -0.71891 14.5)
(-0.691575 -0.722305 13.5)
(-0.662163 -0.74936 0.755675)
(-0.74936 -0.662163 19.2443)
(2.82843 -2.82843 0.775305)
(2.82341 -2.83343 19.2211)
(3.90625 -0.860936 5.5)
(0.862082 -3.906 7.49599)
(3.90625 -0.860936 9.5)
(0.860936 -3.90625 11.5)
(3.90625 -0.860936 13.5)
(0.904775 -3.89633 15.4868)
(3.90625 -0.860936 16.5)
(0.862887 -3.90582 3.48645)
(3.90625 -0.860936 11.5)
(3.90625 -0.860936 7.5)
(3.91234 -0.832803 3.48845)
(0.860936 -3.90625 9.5)
(0.892728 -3.89911 13.4894)
(0.866497 -3.90502 5.48784)
(0.92126 -3.89246 17.4812)
(3.89943 -0.891317 1.60613)
(0.8937 -3.89888 1.61137)
(3.92277 -0.782232 18.501)
(1.32112 -3.77553 19.2247)
(0.866792 -3.90495 2.53175)
(1.6696 -3.63489 2.99081)
(1.67922 -3.63046 3.97286)
(2.39887 -3.20084 3.46671)
(2.41366 -3.18971 4.45035)
(3.01834 -2.6248 3.96914)
(3.04643 -2.59215 3.06845)
(3.04133 -2.59814 4.93173)
(2.4249 -3.18117 5.44057)
(3.05732 -2.5793 5.92537)
(2.43538 -3.17316 6.43414)
(3.06715 -2.5676 6.9187)
(2.4459 -3.16506 7.43014)
(3.07682 -2.55601 7.91665)
(2.45689 -3.15653 8.42803)
(3.08473 -2.54646 8.91423)
(2.46598 -3.14944 9.4262)
(3.09347 -2.53583 9.91374)
(2.47661 -3.14108 10.4263)
(3.10083 -2.52683 10.9129)
(2.48578 -3.13383 11.4251)
(3.10976 -2.51583 11.9127)
(2.49655 -3.12526 12.4261)
(3.11804 -2.50556 12.9129)
(2.5077 -3.11632 13.4247)
(3.12661 -2.49485 13.9124)
(2.51932 -3.10693 14.4246)
(3.13539 -2.48381 14.9106)
(2.53079 -3.09759 15.4195)
(3.14201 -2.47543 15.9043)
(2.54396 -3.08679 16.4122)
(3.14977 -2.46555 16.8925)
(2.55691 -3.07607 17.3867)
(3.1437 -2.47329 17.7949)
(3.59736 -1.749 15.3975)
(3.51212 -1.91442 4.45266)
(3.53919 -1.8639 6.4067)
(3.55474 -1.83407 8.4018)
(3.56856 -1.80704 10.4004)
(3.5818 -1.78066 12.3999)
(3.60126 -1.74096 17.3478)
(1.8128 -3.56564 16.9413)
(1.77994 -3.58215 17.8081)
(1.77535 -3.58443 14.9461)
(1.7634 -3.59032 12.9432)
(1.75182 -3.59599 10.938)
(1.7182 -3.61217 8.94525)
(0.922426 -3.89219 16.4764)
(1.70278 -3.61947 6.94218)
(1.66903 -3.63516 2.02609)
(1.68457 -3.62798 1.08083)
(2.42693 -3.17962 1.56475)
(0.865229 -3.9053 4.48494)
(3.90727 -0.856303 2.52729)
(3.63875 -1.66117 1.99994)
(3.62977 -1.6807 1.07304)
(3.2195 -2.37378 1.51896)
(2.39683 -3.20237 2.54526)
(3.64006 -1.65831 2.97751)
(1.76064 -3.59168 15.9344)
(0.905438 -3.89618 14.479)
(3.59272 -1.75851 14.4035)
(1.74376 -3.5999 13.9409)
(0.914354 -3.89409 12.495)
(1.72051 -3.61107 11.9422)
(0.87383 -3.90339 10.4837)
(2.53145 -3.09706 18.3114)
(3.88509 -0.951899 4.52834)
(0.86327 -3.90573 8.4946)
(1.711 -3.61559 9.93852)
(3.9063 -0.860728 10.5004)
(3.90441 -0.869229 8.52521)
(3.9034 -0.873745 6.53575)
(3.57434 -1.79557 9.37813)
(3.571 -1.8022 7.37271)
(1.71216 -3.61504 7.94411)
(3.56223 -1.81949 5.37499)
(0.862722 -3.90586 6.48933)
(3.57504 -1.79418 11.4001)
(1.69445 -3.62337 5.95354)
(1.6852 -3.62768 4.96529)
(3.90615 -0.861404 12.5254)
(2.14765 -3.37455 19.2412)
(3.39506 -2.11508 19.2349)
(3.58109 -1.78209 13.4)
(3.91 -0.843742 17.5303)
(3.59887 -1.74589 18.3307)
(3.9109 -0.839558 14.5)
(3.59689 -1.74996 16.3527)
(3.91203 -0.834297 15.5)
(0.844626 -3.90981 18.4475)
(3.76888 -1.33997 19.2258)
(2.93345 -2.71935 2.21701)
(2.25229 -3.30563 0.690409)
(3.30577 -2.25209 0.690549)
(1.00576 -3.87149 0.753033)
(3.87334 -0.998603 0.752878)
(3.1298 -2.49085 18.5781)
(1.73553 -3.60388 18.6283)
(3.45401 -2.01738 3.68496)
(3.34206 -2.19786 2.39758)
(0.64098 -3.94831 19.3185)
(3.94949 -0.633679 19.3253)
(3.73237 -1.43854 3.87191)
(-2.82843 -2.82843 0.775305)
(-2.83343 -2.82341 19.2211)
(-0.860936 -3.90625 5.5)
(-3.906 -0.862082 7.49599)
(-0.860936 -3.90625 9.5)
(-3.90625 -0.860936 11.5)
(-0.860936 -3.90625 13.5)
(-3.89633 -0.904775 15.4868)
(-0.860936 -3.90625 16.5)
(-3.90582 -0.862887 3.48645)
(-0.860936 -3.90625 11.5)
(-0.860936 -3.90625 7.5)
(-0.832803 -3.91234 3.48845)
(-3.90625 -0.860936 9.5)
(-3.89911 -0.892728 13.4894)
(-3.90502 -0.866497 5.48784)
(-3.89246 -0.92126 17.4812)
(-0.891317 -3.89943 1.60613)
(-3.89888 -0.8937 1.61137)
(-0.782232 -3.92277 18.501)
(-3.77553 -1.32112 19.2247)
(-3.90495 -0.866792 2.53175)
(-3.63489 -1.6696 2.99081)
(-3.63046 -1.67922 3.97286)
(-3.20084 -2.39887 3.46671)
(-3.18971 -2.41366 4.45035)
(-2.6248 -3.01834 3.96914)
(-2.59215 -3.04643 3.06845)
(-2.59814 -3.04133 4.93173)
(-3.18117 -2.4249 5.44057)
(-2.5793 -3.05732 5.92537)
(-3.17316 -2.43538 6.43414)
(-2.5676 -3.06715 6.9187)
(-3.16506 -2.4459 7.43014)
(-2.55601 -3.07682 7.91665)
(-3.15653 -2.45689 8.42803)
(-2.54646 -3.08473 8.91423)
(-3.14944 -2.46598 9.4262)
(-2.53583 -3.09347 9.91374)
(-3.14108 -2.47661 10.4263)
(-2.52683 -3.10083 10.9129)
(-3.13383 -2.48578 11.4251)
(-2.51583 -3.10976 11.9127)
(-3.12526 -2.49655 12.4261)
(-2.50556 -3.11804 12.9129)
(-3.11632 -2.5077 13.4247)
(-2.49485 -3.12661 13.9124)
(-3.10693 -2.51932 14.4246)
(-2.48381 -3.13539 14.9106)
(-3.09759 -2.53079 15.4195)
(-2.47543 -3.14201 15.9043)
(-3.08679 -2.54396 16.4122)
(-2.46555 -3.14977 16.8925)
(-3.07607 -2.55691 17.3867)
(-2.47329 -3.1437 17.7949)
(-1.749 -3.59736 15.3975)
(-1.91442 -3.51212 4.45266)
(-1.8639 -3.53919 6.4067)
(-1.83407 -3.55474 8.4018)
(-1.80704 -3.56856 10.4004)
(-1.78066 -3.5818 12.3999)
(-1.74096 -3.60126 17.3478)
(-3.56564 -1.8128 16.9413)
(-3.58215 -1.77994 17.8081)
(-3.58443 -1.77535 14.9461)
(-3.59032 -1.7634 12.9432)
(-3.59599 -1.75182 10.938)
(-3.61217 -1.7182 8.94525)
(-3.89219 -0.922426 16.4764)
(-3.61947 -1.70278 6.94218)
(-3.63516 -1.66903 2.02609)
(-3.62798 -1.68457 1.08083)
(-3.17962 -2.42693 1.56475)
(-3.9053 -0.865229 4.48494)
(-0.856303 -3.90727 2.52729)
(-1.66117 -3.63875 1.99994)
(-1.6807 -3.62977 1.07304)
(-2.37378 -3.2195 1.51896)
(-3.20237 -2.39683 2.54526)
(-1.65831 -3.64006 2.97751)
(-3.59168 -1.76064 15.9344)
(-3.89618 -0.905438 14.479)
(-1.75851 -3.59272 14.4035)
(-3.5999 -1.74376 13.9409)
(-3.89409 -0.914354 12.495)
(-3.61107 -1.72051 11.9422)
(-3.90339 -0.87383 10.4837)
(-3.09706 -2.53145 18.3114)
(-0.951899 -3.88509 4.52834)
(-3.90573 -0.86327 8.4946)
(-3.61559 -1.711 9.93852)
(-0.860728 -3.9063 10.5004)
(-0.869229 -3.90441 8.52521)
(-0.873745 -3.9034 6.53575)
(-1.79557 -3.57434 9.37813)
(-1.8022 -3.571 7.37271)
(-3.61504 -1.71216 7.94411)
(-1.81949 -3.56223 5.37499)
(-3.90586 -0.862722 6.48933)
(-1.79418 -3.57504 11.4001)
(-3.62337 -1.69445 5.95354)
(-3.62768 -1.6852 4.96529)
(-0.861404 -3.90615 12.5254)
(-3.37455 -2.14765 19.2412)
(-2.11508 -3.39506 19.2349)
(-1.78209 -3.58109 13.4)
(-0.843742 -3.91 17.5303)
(-1.74589 -3.59887 18.3307)
(-0.839558 -3.9109 14.5)
(-1.74996 -3.59689 16.3527)
(-0.834297 -3.91203 15.5)
(-3.90981 -0.844626 18.4475)
(-1.33997 -3.76888 19.2258)
(-2.71935 -2.93345 2.21701)
(-3.30563 -2.25229 0.690409)
(-2.25209 -3.30577 0.690549)
(-3.87149 -1.00576 0.753033)
(-0.998603 -3.87334 0.752878)
(-2.49085 -3.1298 18.5781)
(-3.60388 -1.73553 18.6283)
(-2.01738 -3.45401 3.68496)
(-2.19786 -3.34206 2.39758)
(-3.94831 -0.64098 19.3185)
(-0.633679 -3.94949 19.3253)
(-1.43854 -3.73237 3.87191)
(-2.82843 2.82843 0.775305)
(-2.82341 2.83343 19.2211)
(-3.90625 0.860936 5.5)
(-0.862082 3.906 7.49599)
(-3.90625 0.860936 9.5)
(-0.860936 3.90625 11.5)
(-3.90625 0.860936 13.5)
(-0.904775 3.89633 15.4868)
(-3.90625 0.860936 16.5)
(-0.862887 3.90582 3.48645)
(-3.90625 0.860936 11.5)
(-3.90625 0.860936 7.5)
(-3.91234 0.832803 3.48845)
(-0.860936 3.90625 9.5)
(-0.892728 3.89911 13.4894)
(-0.866497 3.90502 5.48784)
(-0.92126 3.89246 17.4812)
(-3.89943 0.891317 1.60613)
(-0.8937 3.89888 1.61137)
(-3.92277 0.782232 18.501)
(-1.32112 3.77553 19.2247)
(-0.866792 3.90495 2.53175)
(-1.6696 3.63489 2.99081)
(-1.67922 3.63046 3.97286)
(-2.39887 3.20084 3.46671)
(-2.41366 3.18971 4.45035)
(-3.01834 2.6248 3.96914)
(-3.04643 2.59215 3.06845)
(-3.04133 2.59814 4.93173)
(-2.4249 3.18117 5.44057)
(-3.05732 2.5793 5.92537)
(-2.43538 3.17316 6.43414)
(-3.06715 2.5676 6.9187)
(-2.4459 3.16506 7.43014)
(-3.07682 2.55601 7.91665)
(-2.45689 3.15653 8.42803)
(-3.08473 2.54646 8.91423)
(-2.46598 3.14944 9.4262)
(-3.09347 2.53583 9.91374)
(-2.47661 3.14108 10.4263)
(-3.10083 2.52683 10.9129)
(-2.48578 3.13383 11.4251)
(-3.10976 2.51583 11.9127)
(-2.49655 3.12526 12.4261)
(-3.11804 2.50556 12.9129)
(-2.5077 3.11632 13.4247)
(-3.12661 2.49485 13.9124)
(-2.51932 3.10693 14.4246)
(-3.13539 2.48381 14.9106)
(-2.53079 3.09759 15.4195)
(-3.14201 2.47543 15.9043)
(-2.54396 3.08679 16.4122)
(-3.14977 2.46555 16.8925)
(-2.55691 3.07607 17.3867)
(-3.1437 2.47329 17.7949)
(-3.59736 1.749 15.3975)
(-3.51212 1.91442 4.45266)
(-3.53919 1.8639 6.4067)
(-3.55474 1.83407 8.4018)
(-3.56856 1.80704 10.4004)
(-3.5818 1.78066 12.3999)
(-3.60126 1.74096 17.3478)
(-1.8128 3.56564 16.9413)
(-1.77994 3.58215 17.8081)
(-1.77535 3.58443 14.9461)
(-1.7634 3.59032 12.9432)
(-1.75182 3.59599 10.938)
(-1.7182 3.61217 8.94525)
(-0.922426 3.89219 16.4764)
(-1.70278 3.61947 6.94218)
(-1.66903 3.63516 2.02609)
(-1.68457 3.62798 1.08083)
(-2.42693 3.17962 1.56475)
(-0.865229 3.9053 4.48494)
(-3.90727 0.856303 2.52729)
(-3.63875 1.66117 1.99994)
(-3.62977 1.6807 1.07304)
(-3.2195 2.37378 1.51896)
(-2.39683 3.20237 2.54526)
(-3.64006 1.65831 2.97751)
(-1.76064 3.59168 15.9344)
(-0.905438 3.89618 14.479)
(-3.59272 1.75851 14.4035)
(-1.74376 3.5999 13.9409)
(-0.914354 3.89409 12.495)
(-1.72051 3.61107 11.9422)
(-0.87383 3.90339 10.4837)
(-2.53145 3.09706 18.3114)
(-3.88509 0.951899 4.52834)
(-0.86327 3.90573 8.4946)
(-1.711 3.61559 9.93852)
(-3.9063 0.860728 10.5004)
(-3.90441 0.869229 8.52521)
(-3.9034 0.873745 6.53575)
(-3.57434 1.79557 9.37813)
(-3.571 1.8022 7.37271)
(-1.71216 3.61504 7.94411)
(-3.56223 1.81949 5.37499)
(-0.862722 3.90586 6.48933)
(-3.57504 1.79418 11.4001)
(-1.69445 3.62337 5.95354)
(-1.6852 3.62768 4.96529)
(-3.90615 0.861404 12.5254)
(-2.14765 3.37455 19.2412)
(-3.39506 2.11508 19.2349)
(-3.58109 1.78209 13.4)
(-3.91 0.843742 17.5303)
(-3.59887 1.74589 18.3307)
(-3.9109 0.839558 14.5)
(-3.59689 1.74996 16.3527)
(-3.91203 0.834297 15.5)
(-0.844626 3.90981 18.4475)
(-3.76888 1.33997 19.2258)
(-2.93345 2.71935 2.21701)
(-2.25229 3.30563 0.690409)
(-3.30577 2.25209 0.690549)
(-1.00576 3.87149 0.753033)
(-3.87334 0.998603 0.752878)
(-3.1298 2.49085 18.5781)
(-1.73553 3.60388 18.6283)
(-3.45401 2.01738 3.68496)
(-3.34206 2.19786 2.39758)
(-0.64098 3.94831 19.3185)
(-3.94949 0.633679 19.3253)
(-3.73237 1.43854 3.87191)
(2.82843 2.82843 0.775305)
(2.82357 2.83328 19.221)
(3.90625 0.860936 5.5)
(0.862082 3.906 7.49599)
(3.90625 0.860936 9.5)
(0.860936 3.90625 11.5)
(3.9103 0.842346 13.4777)
(0.904775 3.89633 15.4868)
(0.862887 3.90582 3.48645)
(3.90837 0.851275 16.6267)
(0.866497 3.90502 5.48784)
(0.860936 3.90625 9.5)
(0.892728 3.89911 13.4894)
(3.91231 0.832957 3.4905)
(3.90625 0.860936 7.5)
(3.90625 0.860936 11.5)
(0.92126 3.89246 17.4812)
(3.92286 0.781764 18.5028)
(0.890778 3.89955 1.60631)
(3.89943 0.891317 1.60613)
(1.32112 3.77553 19.2247)
(0.865726 3.90519 2.52861)
(1.66808 3.63559 2.98959)
(1.67878 3.63066 3.97255)
(2.40197 3.19852 3.46944)
(2.41412 3.18936 4.45318)
(3.01823 2.62493 3.97054)
(3.04791 2.59041 3.07263)
(3.04133 2.59814 4.93173)
(2.42503 3.18107 5.44138)
(3.05735 2.57927 5.92547)
(2.43542 3.17313 6.43438)
(3.06717 2.56758 6.91875)
(2.44591 3.16505 7.43022)
(3.07682 2.556 7.91668)
(2.4569 3.15653 8.42806)
(3.08473 2.54645 8.91424)
(2.46598 3.14944 9.42621)
(3.09347 2.53583 9.91374)
(2.47661 3.14108 10.4263)
(3.10083 2.52683 10.9129)
(2.48577 3.13384 11.4251)
(3.10976 2.51583 11.9127)
(2.49656 3.12525 12.4262)
(3.11804 2.50556 12.9129)
(2.50771 3.11631 13.4247)
(3.12659 2.49488 13.912)
(2.51934 3.10692 14.4245)
(3.13554 2.48362 14.91)
(2.53083 3.09756 15.4194)
(3.14206 2.47537 15.9041)
(2.54398 3.08677 16.4122)
(3.14978 2.46554 16.8924)
(2.55692 3.07606 17.3867)
(3.14374 2.47324 17.795)
(3.59745 1.74881 15.3795)
(3.51172 1.91516 4.45687)
(3.53919 1.8639 6.4067)
(3.55474 1.83407 8.4018)
(3.56856 1.80704 10.4004)
(3.5818 1.78066 12.3999)
(3.60373 1.73583 17.3134)
(1.8128 3.56563 16.9412)
(1.77994 3.58215 17.8081)
(1.77535 3.58443 14.9461)
(1.76341 3.59032 12.9433)
(1.75182 3.59599 10.938)
(1.7182 3.61217 8.94526)
(0.922426 3.89219 16.4764)
(1.70278 3.61947 6.94218)
(1.66704 3.63606 2.02394)
(1.68178 3.62927 1.08067)
(2.42884 3.17816 1.56744)
(0.865204 3.90531 4.48489)
(3.90704 0.857346 2.5293)
(3.63875 1.66117 1.99994)
(3.62977 1.6807 1.07304)
(3.2195 2.37378 1.51896)
(2.39968 3.20024 2.54475)
(3.63723 1.6645 2.98934)
(1.76064 3.59168 15.9344)
(0.905437 3.89618 14.479)
(3.64107 1.65609 14.3278)
(1.74376 3.5999 13.9409)
(0.914347 3.89409 12.495)
(1.72055 3.61106 11.9426)
(0.87383 3.90339 10.4837)
(2.53148 3.09703 18.3114)
(3.88509 0.951868 4.52965)
(0.86327 3.90573 8.4946)
(1.711 3.61559 9.93852)
(3.9063 0.860728 10.4996)
(3.90438 0.869385 8.52547)
(3.90337 0.873879 6.53598)
(3.57434 1.79557 9.37814)
(3.571 1.80221 7.37273)
(1.71216 3.61504 7.94411)
(3.56557 1.81292 5.38661)
(0.862722 3.90586 6.48933)
(3.57504 1.79418 11.4001)
(1.69445 3.62338 5.95363)
(1.68505 3.62776 4.96572)
(3.90805 0.852749 12.5)
(3.39549 2.1144 19.2351)
(2.14768 3.37453 19.2412)
(3.5892 1.76568 13.3623)
(3.91 0.843742 17.5303)
(3.59887 1.74589 18.3307)
(3.88613 0.947645 14.9253)
(3.60016 1.74324 16.3504)
(0.844626 3.90981 18.4475)
(3.76899 1.33966 19.2272)
(2.93752 2.71496 2.21907)
(3.91892 0.801298 15.7155)
(2.25107 3.30646 0.691255)
(3.30577 2.25209 0.690549)
(0.998166 3.87346 0.752867)
(3.87334 0.998603 0.752878)
(3.12993 2.49069 18.5781)
(1.73553 3.60388 18.6283)
(3.45234 2.02024 3.69088)
(3.34473 2.1938 2.40553)
(0.64098 3.94831 19.3185)
(3.94981 0.631694 19.333)
(3.9349 0.718736 14.2627)
(3.73226 1.43882 3.87643)
(1.47856 0.59003 20)
(-0.59003 1.47856 20)
(0.59003 -1.47856 20)
(-1.47856 -0.59003 20)
(1.39903 -0.698272 20)
(-1.39903 0.698272 20)
(-0.698272 -1.39903 20)
(0.698272 1.39903 20)
(2.32973 -2.35993 20)
(-2.35993 -2.32973 20)
(-2.32973 2.35993 20)
(2.35993 2.32973 20)
(3.17902 0.35819 20)
(0.35819 -3.17902 20)
(-3.17902 -0.35819 20)
(-0.35819 3.17902 20)
(2.95051 -1.07083 20)
(-1.07083 -2.95051 20)
(-2.95051 1.07083 20)
(1.07083 2.95051 20)
(3.32186 -0.361948 20)
(2.59059 -0.200821 20)
(2.31375 0.638326 20)
(2.12683 -0.858027 20)
(1.56059 -1.39546 20)
(3.02675 1.15601 20)
(2.23825 1.50391 20)
(1.81813 -0.0881273 20)
(-0.361948 -3.32186 20)
(-0.200821 -2.59059 20)
(0.638326 -2.31375 20)
(-0.858027 -2.12683 20)
(-1.39546 -1.56059 20)
(1.15601 -3.02675 20)
(1.49042 -2.24967 20)
(-0.0881273 -1.81813 20)
(-3.32186 0.361948 20)
(-2.59059 0.200821 20)
(-2.31375 -0.638326 20)
(-2.12683 0.858027 20)
(-1.56059 1.39546 20)
(-3.02675 -1.15601 20)
(-2.24967 -1.49042 20)
(-1.81813 0.0881273 20)
(0.361948 3.32186 20)
(0.200821 2.59059 20)
(-0.638326 2.31375 20)
(0.858027 2.12683 20)
(1.41361 1.56363 20)
(-1.15601 3.02675 20)
(-1.49042 2.24967 20)
(0.0881273 1.81813 20)
(2.85179 -1.7919 20)
(-1.7919 -2.85179 20)
(-2.85179 1.7919 20)
(1.7919 2.85179 20)
(2.86858 1.84169 20)
(1.84169 -2.86858 20)
(-2.86858 -1.84169 20)
(-1.84169 2.86858 20)
(2.21831 -1.62097 20)
(-1.62097 -2.21831 20)
(-2.21831 1.62097 20)
(1.62209 2.22107 20)
(-1.09581 1.77648 20)
(1.09581 -1.77648 20)
(-1.77648 -1.09581 20)
(1.77683 1.09667 20)
(-1.06944 1.15908 20)
(1.06944 -1.15908 20)
(-1.15908 -1.06944 20)
(1.16004 1.06964 20)
(-1.06576 -2.21453 1.49827)
(-2.20843 1.05886 1.49206)
(-0.984798 2.22102 18.4794)
(-2.20843 -1.05886 18.5079)
(1.05886 -2.20843 18.5079)
(2.21453 -1.06576 1.47474)
(1.05886 2.20843 1.4685)
(2.1664 1.1133 4.00386)
(-1.11312 -2.16586 4)
(2.17521 -1.11775 4.0004)
(-2.17546 1.11774 4)
(1.13319 -2.22027 1.55709)
(2.21643 1.13536 1.55362)
(1.83837 1.70555 18.5562)
(-2.36892 -0.536627 1.5)
(-0.536627 2.36892 1.5)
(2.36892 -0.536627 18.5)
(-0.536627 -2.36892 18.5)
(-2.36892 0.536627 18.5)
(1.37295 2.07514 3.01983)
(0.92044 -2.29332 3.48317)
(-0.920355 2.29307 3.48317)
(1.36624 -2.06447 4.9981)
(-1.37241 2.06285 5.00497)
(-2.06716 -1.37837 5)
(-2.30562 -0.926111 3.48317)
(0.881853 2.29398 5.39111)
(-1.09705 -2.1639 6)
(-0.811908 2.29787 6.49455)
(0.81028 -2.29951 6.48764)
(-1.06216 -2.19508 17)
(-2.19508 1.06216 17)
(2.19069 -1.06306 17.0037)
(0.807792 -2.29706 10.5)
(0.807792 2.29706 10.5)
(-0.807792 2.29706 10.5)
(0.808231 2.29809 7.5)
(0.805968 -2.29864 8.5)
(2.29798 0.808185 15.5)
(0.804435 -2.29505 14.5)
(0.806296 -2.29356 12.5)
(-0.800057 2.29641 14.5)
(-2.29641 -0.800057 14.5)
(-2.31561 -0.749063 6.5)
(-0.799726 2.29563 12.5)
(-2.31483 -0.748752 10.5)
(-2.29299 -0.806052 16.5)
(-0.806052 2.29299 16.5)
(0.806052 -2.29299 16.5)
(1.72814 1.79932 16.9899)
(-2.31556 -0.749042 8.5)
(-0.749042 2.31556 8.5)
(-2.31209 -0.74765 12.5)
(0.882078 2.30099 14.3173)
(0.878675 2.30112 12.3221)
(2.0775 1.31374 11.9971)
(0.462391 2.37318 18.5081)
(2.5 -0.00358249 2.57839)
(1.66663 1.85551 8.99911)
(-2.27363 0.732209 5.5)
(2.26821 -0.737402 5.5)
(2.09308 1.2882 13.997)
(-2.00125 1.42764 7.01763)
(1.99999 -1.42856 11)
(2.5 -0.0142809 10.5)
(-1.99991 1.42857 11.0004)
(-1.47411 -1.95859 11)
(2.00112 -1.43083 7.00008)
(1.9988 -1.42784 13.0003)
(0.761829 2.37429 15.8864)
(2.00001 -1.4305 8.99988)
(2.5 -0.0161513 8.5)
(1.99554 -1.42975 15.001)
(-1.99452 1.433 12.9983)
(-1.43325 -1.99299 14.9983)
(-1.99299 1.43325 14.9983)
(-1.47423 -1.95953 9)
(2.00363 1.4286 7)
(-1.95953 1.47423 9)
(-1.47342 -1.96067 12.985)
(-1.73358 -1.85899 7.40742)
(2.5 -0.361977 12.0034)
(2.04301 1.42627 10.4019)
(-2.52482 0.360236 2.76749)
(-0.362035 -2.5268 2.76946)
(2.29682 0.844238 5.55834)
(2.5 -0.365708 14.0025)
(-0.322157 -2.38812 7.5)
(0.419672 2.58002 4.0224)
(2.5 -0.0161341 6.99991)
(2.27315 0.534618 17.5)
(1.9403 -1.81253 2.63788)
(-0.0568368 -2.48196 4.99189)
(-1.83112 1.56308 2.73014)
(-1.54809 -1.81128 2.73308)
(-0.200121 -2.31124 13.5)
(0.168324 2.66438 2.65932)
(-0.196547 -2.31048 11.5)
(-0.19661 -2.31021 9.5)
(0.470445 2.59124 9.1593)
(-0.167001 -2.29067 15.5)
(-2.28838 0.168587 15.5)
(-2.27925 0.216756 9.5)
(-2.30411 0.505704 13.9986)
(-2.25903 0.182822 11.5)
(0.341161 2.67311 17.1665)
(-2.25701 0.177281 7.5)
(2.64878 0.707973 18.7466)
(-2.69444 -0.220207 4.59935)
(-0.058898 2.76546 11.4973)
(-0.058962 2.76785 13.4999)
(1.6014 2.20977 4.33827)
(-0.311027 2.76621 5.23004)
(-2.18872 1.74612 18.1862)
(-1.74612 -2.18872 18.1862)
(2.18872 -1.74612 18.1862)
(1.82472 2.00351 15.1943)
(2.74581 -0.000700461 4.48262)
(2.23453 0.442695 13.0044)
(2.41941 1.41493 2.7681)
(2.76316 0.0442018 1.23871)
(0.0400191 -2.76244 1.23888)
(-2.75655 -0.312668 17.6033)
(0.312668 -2.75655 17.6033)
(2.21923 -0.453086 15.8448)
(0.351742 2.76179 6.42743)
(2.00537 0.556797 9.5)
(-1.89407 -1.51243 1.10291)
(-1.74307 2.18831 1.24077)
(1.86898 0.985323 8.14551)
(1.63092 2.23125 13.3184)
(-2.0046 1.97382 16.1428)
(-1.97382 -2.0046 16.1428)
(2.00515 -1.97333 16.144)
(-0.300062 2.81826 7.4777)
(-1.46257 2.446 7.51743)
(-2.50096 -1.43602 11.5006)
(-2.50974 -1.42598 9.50017)
(1.50879 2.38385 6.43058)
(-2.56419 -1.30272 2.38662)
(-2.50321 -1.45011 13.4838)
(-1.29664 2.56792 2.39071)
(1.87687 -2.21024 7.92729)
(1.54798 -2.42753 17.4339)
(-2.42753 -1.54798 17.4339)
(-1.54798 2.42753 17.4339)
(-0.317564 2.81747 15.5024)
(-1.45381 2.47294 9.4817)
(-1.49419 2.43238 13.4998)
(1.49888 -2.42703 13.5005)
(1.49274 -2.4196 9.49947)
(2.08044 2.02456 5.43032)
(-1.49525 2.42196 11.5029)
(1.393 2.62096 19.0144)
(1.49641 -2.42201 11.5007)
(-1.92262 2.15352 6.06649)
(1.91827 -2.16197 6.05583)
(2.08361 -2.06152 1.02908)
(2.05825 2.08737 1.02892)
(1.9373 -2.24082 4.01357)
(-1.93727 2.24079 4.01357)
(-2.23734 -1.93996 4.01473)
(1.89528 2.26214 7.92759)
(1.64214 2.26319 11.3801)
(0.543195 -1.88673 2.48075)
(1.46215 -1.22664 0.875311)
(-2.95839 -0.358709 18.9175)
(0.358709 -2.95839 18.9175)
(-0.163486 -2.84438 3.88122)
(1.75529 -0.885884 9.99956)
(-2.74178 0.416211 12.8024)
(1.75255 -0.88729 7.99827)
(1.22628 1.46164 0.874398)
(-0.370627 2.95876 18.9229)
(1.00247 1.71369 19.1094)
(-0.472049 1.95069 17.5493)
(-0.992143 -1.71596 19.101)
(-1.71596 0.992143 19.101)
(1.71596 -0.992143 19.101)
(1.94873 2.25703 2.1057)
(-0.149257 -2.95905 6.5)
(-1.46247 -1.41644 13.9996)
(-0.152424 -2.95968 8.5)
(-1.94509 -0.37059 5.5)
(-2.67878 -1.20044 7.50001)
(2.78019 -1.08659 2.44835)
(-1.39985 1.46052 10.0019)
(-2.22588 -1.84039 6.07013)
(-0.391913 1.94335 4.46873)
(-1.4774 -1.39605 10)
(-1.24692 -2.56433 10.0003)
(1.80922 -0.767818 3.00641)
(0.294 2.68025 0.923135)
(-2.68025 0.294 0.927995)
(-1.47674 -1.38566 12)
(3.00008 -0.0152161 9.5)
(-0.384951 1.93689 9.5)
(1.81614 0.535766 0.876369)
(0.535766 -1.81614 0.876369)
(2.66732 -1.39935 19.0595)
(-1.39935 -2.66732 19.0595)
(-2.66732 1.39935 19.0595)
(-1.89705 -2.43324 0.848327)
(-2.62402 -1.2909 15.4991)
(-1.23444 -2.52947 11.9918)
(-1.44775 1.41148 13.9999)
(1.29224 -2.62341 15.4999)
(1.45472 -1.40514 13.9998)
(-1.03051 1.79154 15.4985)
(1.25347 -2.72686 2.52734)
(-1.42963 1.42149 8)
(1.45786 -1.40068 12)
(-1.46164 1.22628 0.84724)
(-1.61361 -2.44102 5.00436)
(-1.45416 1.40158 11.9999)
(-2.54989 1.24682 9.98404)
(2.91476 0.200577 16.5553)
(2.93273 0.426019 14.6627)
(-1.87026 -0.499457 13.5)
(0.91929 -1.80401 7.49385)
(1.39621 2.49651 17.8448)
(-1.85745 -0.469858 2.5)
(1.89363 -2.42996 19.1187)
(-1.89363 2.42996 19.1187)
(-2.42996 -1.89363 19.1187)
(1.94623 0.190941 3.4857)
(1.81111 0.788916 16.5102)
(1.74817 2.46281 9.92822)
(-0.471571 -1.88531 8.5)
(-2.02795 0.0959134 3.68766)
(-0.467521 -1.88553 12.5)
(-0.114401 -2.97549 12.5)
(-0.507453 1.82454 2.5)
(-0.473187 -1.88506 10.5)
(-0.116955 -2.97487 10.5)
(1.71331 0.792946 19.0597)
(2.3881 -1.73959 4.85894)
(1.5434 1.27245 4.87154)
(-2.39127 1.74005 4.85495)
(-1.86918 0.483659 8.5)
(-2.95767 0.180645 8.59246)
(0.581426 1.87918 13.3388)
(-0.381766 1.90959 19.1472)
(-1.90959 -0.381766 19.1472)
(0.381766 -1.90959 19.1472)
(2.96574 -0.382959 13.0029)
(-0.444014 -1.88911 14.5)
(-1.25744 -2.59366 13.9802)
(-0.108459 -2.97989 14.5)
(-2.92193 0.1994 16.5455)
(-0.1994 -2.92193 16.5455)
(-0.843368 -1.67978 4.93216)
(0.625065 1.77893 8.44436)
(2.52027 1.5788 17.7108)
(-0.563175 1.79412 11.5)
(-2.04665 -2.21693 1.86027)
(2.37019 1.72157 16.1036)
(0.816858 -2.81759 4.43319)
(1.40181 1.38559 6)
(-0.556187 1.79565 13.5)
(-1.24627 -2.59263 8.10233)
(5.34312e-09 2.9108 10.0929)
(2.88562 -0.455097 3.49728)
(1.96577 0.392154 11.3859)
(-1.87478 0.457695 6.5)
(-2.9856 0.179578 6.5)
(-2.5835 1.18543 11.9616)
(-1.87777 0.432975 10.5)
(-2.98875 0.172186 10.5)
(-0.931977 -1.67462 16)
(-1.67337 0.933231 16)
(0.813848 -2.82379 5.53918)
(-2.51722 1.73989 0.888561)
(-0.974634 2.84593 4.39614)
(-2.95201 -0.354842 13.7185)
(0.594116 1.78907 11.4219)
(-0.598561 1.78869 7.41552)
(-1.7621 -0.719271 17.5915)
(0.632564 1.77625 2.33086)
(1.8787 0.348379 14.5)
(0.719873 -1.76401 17.5922)
(2.87742 0.671689 3.36105)
(1.74088 0.702843 2.38904)
(2.80249 1.05154 8.82435)
(-2.53309 1.57982 14.0518)
(-2.85856 -1.02678 5.624)
(-0.441292 2.99216 17.8431)
(-2.31382 -1.8043 8.30787)
(0.698889 1.75359 16.7427)
(2.48578 1.59048 12.9976)
(1.21603 -1.50043 4.08054)
(2.60006 1.58576 19.1199)
(-3.05272 -0.164144 3.53411)
(-0.543179 1.80906 5.60177)
(-1.37387 -2.75177 2.39761)
(1.7557 0.524236 6.5)
(0.538702 -1.80937 5.59655)
(-0.423798 -1.90716 0.847666)
(-1.50549 -1.21236 4.07147)
(2.2682 2.04259 3.57094)
(0.114373 3.03086 14.5343)
(0.652196 -2.8486 7.40618)
(-1.72473 2.48315 15.0345)
(0.624609 1.75791 6.61095)
(-1.21037 1.47894 4.04629)
(2.99155 -0.121062 19.1189)
(-2.66224 1.18597 7.97026)
(2.25469 -1.85233 10.0305)
(2.83701 -0.938228 10.0444)
(1.74441 -0.525336 6.5)
(0.823606 1.62743 3.98008)
(1.13667 2.82719 2.36415)
(-2.48245 1.85001 2.03257)
(-0.819932 -1.66442 6.90778)
(0.157252 3.0686 12.4983)
(1.90959 -0.381766 0.792735)
(-1.26365 1.5091 1.86251)
(0.836346 1.72751 9.62278)
(0.326469 -3.03847 2.19286)
(2.74756 -1.45269 0.828188)
(1.11728 2.84053 8.35701)
(0.688378 -1.74287 9.60816)
(-1.12855 -1.46645 0.773945)
(-0.0227387 -1.89384 3.5)
(1.48582 1.22561 13.0011)
(1.28114 1.47052 15.9249)
(2.58058 -1.50605 13.9668)
(0.656384 -1.72693 13.3657)
(0.658968 -1.72584 11.3626)
(-1.78181 -2.54155 3.36668)
(0.209329 2.02324 15.0696)
(-1.7404 -0.725707 15.3927)
(-3.02877 -0.390913 2.27637)
(2.86987 -0.81442 11.1068)
(2.57803 -1.48228 11.9622)
(2.90074 0.0257296 5.97657)
(0.725543 -1.74251 15.3928)
(-1.85297 2.29981 10.4343)
(-0.535766 1.81614 0.785061)
(-1.81614 -0.535766 0.785061)
(0.986993 1.56834 18)
(1.57696 -0.947273 17.998)
(-0.947802 -1.57701 18)
(-1.57701 0.947802 18)
(-2.54326 1.79015 3.37638)
(-1.75692 -0.729234 7.37967)
(2.96007 0.802427 2.16235)
(2.88358 0.93703 10.9921)
(-2.18601 2.13799 12.2425)
(-1.22544 1.46655 17)
(1.3653 -1.32207 1.96359)
(-1.70131 0.672017 2.27426)
(-0.275428 3.07751 3.47404)
(-2.31208 -1.84206 14.4327)
(2.9285 -0.641789 14.9993)
(-1.74906 0.527465 12.5)
(-2.35492 -1.79117 10.4656)
(-0.662187 -1.70814 2.26799)
(-2.1617 2.16967 8.24501)
(1.33873 -1.32791 6.00001)
(-2.97951 -0.0237548 14.7227)
(3.0001 -0.260061 17.6575)
(-1.3414 1.32301 6)
(0.0160656 1.94391 3.3529)
(-0.110553 3.1146 8.5)
(1.43896 2.68802 0.781487)
(1.68251 -2.58134 6.97661)
(-2.36315 -1.78776 12.4715)
(2.65548 -1.59777 3.28372)
(2.73105 -0.892987 6.46353)
(-1.06509 1.46853 19.2419)
(-1.73225 -0.63417 9.33492)
(1.06509 -1.46853 19.2419)
(-1.46853 -1.06509 19.2419)
(1.71712 2.50215 16.2411)
(-1.46067 -1.20104 1.94721)
(2.82827 -0.766539 7.74995)
(1.84485 -2.31579 14.4759)
)


// ************************************************************************* //
