/*--------------------------------*- C++ -*----------------------------------*\
  =========                 |
  \\      /  F ield         | OpenFOAM: The Open Source CFD Toolbox
   \\    /   O peration     | Website:  https://openfoam.org
    \\  /    A nd           | Version:  11
     \\/     M anipulation  |
\*---------------------------------------------------------------------------*/
FoamFile
{
    format      ascii;
    class       labelList;
    location    "constant/tube_fluid/polyMesh";
    object      faceRegionAddressing;
}
// * * * * * * * * * * * * * * * * * * * * * * * * * * * * * * * * * * * * * //


1130
(
1
2
3
4
5
6
7
8
9
10
11
12
13
14
15
16
17
18
19
20
21
22
23
24
25
26
27
28
29
30
31
32
33
34
35
36
37
38
39
40
41
42
43
44
45
46
47
48
49
50
51
52
53
54
55
56
57
58
59
60
61
62
63
64
65
66
67
68
69
70
71
72
73
74
75
76
77
78
79
80
81
82
83
84
85
86
87
88
89
90
91
92
93
94
95
96
97
98
99
100
101
102
103
104
105
106
107
108
109
110
111
112
113
114
115
116
117
118
119
120
121
122
123
124
125
126
127
128
129
130
131
132
133
134
135
136
137
138
139
140
141
142
143
144
145
146
147
148
149
150
151
152
153
154
155
156
157
158
159
160
161
162
163
164
165
166
167
168
169
170
171
172
173
174
175
176
177
178
179
180
181
182
183
184
185
186
187
188
189
190
191
192
193
194
195
196
197
198
199
200
201
202
203
204
205
206
207
208
209
210
211
212
213
214
215
216
217
218
219
220
221
222
223
224
225
226
227
228
229
230
231
232
233
234
235
236
237
238
239
240
241
242
243
244
247
248
249
252
253
254
255
256
257
258
259
260
261
262
264
266
267
268
303
304
305
312
313
314
315
319
320
322
324
328
329
331
332
334
336
338
339
340
341
342
343
344
345
346
347
348
349
350
351
352
353
354
355
356
357
358
359
360
361
362
363
364
365
366
367
368
369
370
371
372
373
374
375
376
377
378
379
380
381
382
383
384
385
386
387
388
389
390
391
392
393
394
395
396
397
398
399
400
401
402
403
404
405
406
407
408
409
410
411
412
413
414
415
416
417
418
419
420
421
422
423
424
425
426
427
428
429
430
431
432
433
434
435
436
437
438
439
440
441
442
443
444
445
446
447
448
449
450
451
452
453
454
455
456
457
458
459
460
461
462
463
464
465
466
467
468
469
470
471
472
473
474
475
476
477
478
479
480
481
482
483
484
485
486
487
488
489
490
491
492
493
494
495
496
497
498
499
500
501
502
503
504
505
506
507
508
509
510
511
512
513
514
515
516
517
518
520
522
523
524
525
526
527
528
529
530
531
533
534
535
537
538
539
540
541
542
543
545
546
547
548
549
551
553
555
557
558
559
560
562
564
565
568
569
571
573
574
576
577
579
580
582
583
585
587
588
590
592
594
596
597
599
600
602
604
606
608
610
612
613
615
617
618
620
622
623
625
626
628
629
631
632
634
636
638
639
641
642
644
645
647
649
651
653
654
656
657
659
661
663
664
666
667
669
671
672
674
675
677
678
680
681
683
685
686
688
690
691
693
695
696
698
699
701
702
705
706
708
709
711
713
715
717
718
720
721
723
725
727
729
730
732
733
735
736
738
740
742
744
746
748
750
752
753
755
756
758
760
762
764
766
768
770
772
774
776
777
779
781
782
784
785
787
788
790
791
793
795
797
798
799
804
807
808
810
811
813
815
818
819
821
823
825
827
829
831
833
835
837
841
843
845
849
851
853
854
858
861
863
867
869
874
880
882
884
887
890
897
903
907
908
910
912
914
916
918
920
922
924
926
928
930
932
934
935
938
940
942
944
953
954
955
956
957
959
960
961
962
963
965
967
969
971
973
974
976
977
979
981
982
984
987
988
989
990
991
992
993
994
995
997
999
1001
1003
1004
1005
1006
1007
1008
1009
1010
1012
1013
1014
1015
1016
1018
1019
1021
1022
1024
1027
1028
1030
1031
1033
1034
1037
1042
1044
1046
1047
1050
1051
1053
1055
1056
1061
1063
1070
1072
1074
1079
1082
1085
1088
1091
1094
1097
1100
10524
10525
10526
10527
10528
10529
10530
10531
10532
10533
10534
10535
10536
10537
10718
10719
10720
10721
10722
10723
10724
10725
10726
10727
10728
10729
10730
10731
245
246
250
251
263
265
269
270
271
272
273
274
275
276
277
278
279
280
281
282
283
284
285
286
287
288
289
290
291
292
293
294
295
296
297
298
299
300
301
302
306
307
308
309
310
311
316
317
318
321
323
325
326
327
330
333
335
337
519
521
532
536
544
550
552
554
556
561
563
566
567
570
572
575
578
581
584
586
589
591
593
595
598
601
603
605
607
609
611
614
616
619
621
624
627
630
633
635
637
640
643
646
648
650
652
655
658
660
662
665
668
670
673
676
679
682
684
687
689
692
694
697
700
703
704
707
710
712
714
716
719
722
724
726
728
731
734
737
739
741
743
745
747
749
751
754
757
759
761
763
765
767
769
771
773
775
778
780
783
786
789
792
794
796
800
801
802
803
805
806
809
812
814
816
817
820
822
824
826
828
830
832
834
836
838
839
840
842
844
846
847
848
850
852
855
856
857
859
860
862
864
865
866
868
870
871
872
873
875
876
877
878
879
881
883
885
886
888
889
891
892
893
894
895
896
898
899
900
901
902
904
905
906
909
911
913
915
917
919
921
923
925
927
929
931
933
936
937
939
941
943
945
946
947
948
949
950
951
952
958
964
966
968
970
972
975
978
980
983
985
986
996
998
1000
1002
1011
1017
1020
1023
1025
1026
1029
1032
1035
1036
1038
1039
1040
1041
1043
1045
1048
1049
1052
1054
1057
1058
1059
1060
1062
1064
1065
1066
1067
1068
1069
1071
1073
1075
1076
1077
1078
1080
1081
1083
1084
1086
1087
1089
1090
1092
1093
1095
1096
1098
1099
1101
1102
)


// ************************************************************************* //
