/*--------------------------------*- C++ -*----------------------------------*\
  =========                 |
  \\      /  F ield         | OpenFOAM: The Open Source CFD Toolbox
   \\    /   O peration     | Website:  https://openfoam.org
    \\  /    A nd           | Version:  11
     \\/     M anipulation  |
\*---------------------------------------------------------------------------*/
FoamFile
{
    format      ascii;
    class       labelList;
    note        "nPoints:195  nCells:476  nFaces:1130  nInternalFaces:774";
    location    "constant/tube_fluid/polyMesh";
    object      neighbour;
}
// * * * * * * * * * * * * * * * * * * * * * * * * * * * * * * * * * * * * * //


774
(
1
2
463
470
4
462
475
3
464
471
6
112
465
5
466
474
7
118
467
7
115
469
120
468
25
27
33
34
19
26
36
37
11
12
38
51
13
48
63
13
39
40
41
49
16
17
50
61
16
17
46
53
45
52
47
54
19
26
42
56
43
57
21
22
59
62
23
44
60
23
68
70
55
58
25
27
64
67
65
66
72
73
74
75
29
31
32
35
30
69
77
31
71
78
76
82
81
250
264
83
228
282
83
237
279
81
368
369
90
266
310
90
272
349
95
278
300
93
259
318
93
254
317
97
224
322
91
269
309
92
271
308
96
281
302
98
233
331
99
234
328
100
231
332
106
235
334
97
236
333
101
239
337
95
240
338
98
242
340
99
244
341
100
243
342
94
255
319
91
273
311
92
285
312
94
249
347
102
252
351
96
253
350
101
283
303
102
284
305
106
256
356
104
227
295
105
288
325
105
258
335
104
241
358
108
263
360
103
276
348
108
265
362
109
267
354
110
270
315
110
274
352
113
304
326
113
313
339
117
316
361
103
373
386
109
372
377
80
84
384
472
86
365
473
117
387
388
85
87
366
88
107
385
89
114
383
88
426
442
111
116
370
111
119
367
121
382
115
436
116
440
447
448
120
444
121
445
453
452
126
145
184
431
145
188
196
403
125
187
376
429
139
401
424
389
408
425
142
156
180
225
140
158
179
290
130
149
201
238
148
202
251
150
151
205
229
151
152
203
230
147
152
204
232
135
154
206
275
153
207
289
182
190
399
444
183
191
400
445
147
150
208
268
390
402
409
165
186
247
144
164
189
248
166
197
257
146
161
198
291
155
192
344
412
423
157
194
299
210
307
154
212
321
153
213
336
214
329
215
327
216
330
217
296
218
353
159
200
346
162
193
323
160
195
355
163
209
297
168
199
246
167
260
306
169
222
293
172
301
374
171
211
314
170
359
378
178
343
381
177
220
357
181
219
375
185
262
394
181
221
395
185
261
379
176
280
396
175
277
380
190
392
408
410
191
393
407
411
177
226
398
178
245
397
324
404
345
391
180
186
193
292
406
403
416
421
402
417
422
389
412
320
405
197
407
418
420
432
450
192
198
414
453
415
452
194
209
195
200
416
419
427
220
222
200
306
202
368
369
216
366
210
367
215
365
207
377
372
214
370
211
382
374
218
386
217
387
383
384
385
388
373
286
292
381
223
293
378
298
463
238
254
227
257
228
277
326
325
233
329
234
327
232
337
330
328
332
258
333
237
259
335
336
268
331
241
334
339
271
341
270
303
269
342
246
345
262
248
343
359
250
263
348
254
321
273
350
274
319
272
362
296
322
295
358
279
287
355
297
320
280
264
361
285
351
283
315
284
316
307
308
309
310
352
312
311
278
353
281
354
282
356
313
314
347
304
340
302
349
287
465
469
295
357
296
356
297
359
299
364
298
363
299
371
467
464
317
353
304
323
354
315
316
360
375
337
341
342
340
350
351
318
320
321
338
352
336
326
325
357
328
331
332
335
358
339
344
346
346
348
362
371
361
364
462
466
383
384
385
387
386
382
468
388
377
380
394
401
420
379
395
396
391
413
417
426
439
404
435
446
434
451
405
406
397
398
404
414
421
415
422
428
407
408
406
428
449
425
430
447
418
443
448
450
461
435
434
441
454
442
455
440
456
432
454
433
437
438
427
470
426
472
436
460
475
440
473
446
460
436
471
457
459
458
449
455
444
474
445
451
456
453
452
459
458
457
461
463
465
467
469
471
473
475
)


// ************************************************************************* //
