/*--------------------------------*- C++ -*----------------------------------*\
  =========                 |
  \\      /  F ield         | OpenFOAM: The Open Source CFD Toolbox
   \\    /   O peration     | Website:  https://openfoam.org
    \\  /    A nd           | Version:  11
     \\/     M anipulation  |
\*---------------------------------------------------------------------------*/
FoamFile
{
    format      ascii;
    class       vectorField;
    location    "constant/tube_fluid/polyMesh";
    object      points;
}
// * * * * * * * * * * * * * * * * * * * * * * * * * * * * * * * * * * * * * //


195
(
(1 0 0)
(0 1 0)
(0 -1 0)
(-1 0 0)
(0 -1 20)
(1 0 20)
(0 1 20)
(-1 0 20)
(0.707107 0.707107 0)
(-0.707107 0.707107 0)
(-0.707107 -0.707107 0)
(0.707107 -0.707107 0)
(0.707107 -0.707107 20)
(0.707107 0.707107 20)
(-0.707107 0.707107 20)
(-0.707107 -0.707107 20)
(0 -1 1)
(0 -1 2)
(0 -1 3)
(0 -1 4)
(0 -1 5)
(0 -1 6)
(0 -1 7)
(0 -1 8)
(0 -1 9)
(0 -1 10)
(0 -1 11)
(0 -1 12)
(0 -1 13)
(0 -1 14)
(0 -1 15)
(0 -1 16)
(0 -1 17)
(0 -1 18)
(0 -1 19)
(1 0 1)
(1 0 2)
(1 0 3)
(1 0 4)
(1 0 5)
(1 0 6)
(1 0 7)
(1 0 8)
(1 0 9)
(1 0 10)
(1 0 11)
(1 0 12)
(1 0 13)
(1 0 14)
(1 0 15)
(1 0 16)
(1 0 17)
(1 0 18)
(1 0 19)
(0 1 1)
(0 1 2)
(0 1 3)
(0 1 4)
(0 1 5)
(0 1 6)
(0 1 7)
(0 1 8)
(0 1 9)
(0 1 10)
(0 1 11)
(0 1 12)
(0 1 13)
(0 1 14)
(0 1 15)
(0 1 16)
(0 1 17)
(0 1 18)
(0 1 19)
(-1 0 1)
(-1 0 2)
(-1 0 3)
(-1 0 4)
(-1 0 5)
(-1 0 6)
(-1 0 7)
(-1 0 8)
(-1 0 9)
(-1 0 10)
(-1 0 11)
(-1 0 12)
(-1 0 13)
(-1 0 14)
(-1 0 15)
(-1 0 16)
(-1 0 17)
(-1 0 18)
(-1 0 19)
(0.268766 0.111326 0)
(-0.363278 -0.150475 0)
(-0.19024 0.447683 0)
(0.18204 -0.45108 0)
(0.71891 -0.695104 5.5)
(0.71891 -0.695104 7.5)
(0.72117 -0.692758 4.4997)
(0.719054 -0.694954 6.5)
(0.721742 -0.692162 3.49994)
(0.722305 -0.691575 2.5)
(0.72117 -0.692758 8.5003)
(0.722305 -0.691575 1.5)
(0.721742 -0.692162 9.50006)
(0.71891 -0.695104 17.5)
(0.722305 -0.691575 18.5)
(0.722305 -0.691575 16.5)
(0.71891 -0.695104 15.5)
(0.722305 -0.691575 12.5)
(0.722305 -0.691575 10.5)
(0.722305 -0.691575 11.5)
(0.72117 -0.692758 14.4997)
(0.721742 -0.692162 13.4999)
(0.662163 -0.74936 19.2443)
(0.662163 -0.74936 0.755675)
(0.722305 0.691575 5.5)
(0.722305 0.691575 6.5)
(0.722305 0.691575 7.5)
(0.695104 0.71891 3.5)
(0.691575 0.722305 4.5)
(0.692758 0.72117 2.4997)
(0.722305 0.691575 8.5)
(0.691575 0.722305 1.5)
(0.71891 0.695104 9.5)
(0.691575 0.722305 18.5)
(0.691575 0.722305 17.5)
(0.691575 0.722305 16.5)
(0.691575 0.722305 15.5)
(0.695104 0.71891 12.5)
(0.722305 0.691575 10.5)
(0.691575 0.722305 11.5)
(0.691575 0.722305 13.5)
(0.695104 0.71891 14.5)
(0.74936 0.662163 19.2443)
(0.74936 0.662163 0.755675)
(-0.722305 0.691575 5.5)
(-0.691575 0.722305 7.5)
(-0.722305 0.691575 4.5)
(-0.722305 0.691575 6.5)
(-0.722305 0.691575 3.5)
(-0.691575 0.722305 2.5)
(-0.691575 0.722305 8.5)
(-0.691575 0.722305 1.5)
(-0.691575 0.722305 9.5)
(-0.722305 0.691575 18.5)
(-0.722305 0.691575 17.5)
(-0.722305 0.691575 16.5)
(-0.722305 0.691575 15.5)
(-0.71891 0.695104 12.5)
(-0.722305 0.691575 10.5)
(-0.72117 0.692758 11.4997)
(-0.722305 0.691575 13.5)
(-0.71891 0.695104 14.5)
(-0.74936 0.662163 0.755675)
(-0.662163 0.74936 19.2443)
(-0.722305 -0.691575 6.5)
(-0.722305 -0.691575 5.5)
(-0.722305 -0.691575 7.5)
(-0.722305 -0.691575 3.5)
(-0.722305 -0.691575 4.5)
(-0.71891 -0.695104 2.5)
(-0.722305 -0.691575 8.5)
(-0.722305 -0.691575 1.5)
(-0.722305 -0.691575 9.5)
(-0.691575 -0.722305 18.5)
(-0.691575 -0.722305 17.5)
(-0.691575 -0.722305 15.5)
(-0.691575 -0.722305 16.5)
(-0.722305 -0.691575 12.5)
(-0.722305 -0.691575 10.5)
(-0.722305 -0.691575 11.5)
(-0.695104 -0.71891 14.5)
(-0.691575 -0.722305 13.5)
(-0.662163 -0.74936 0.755675)
(-0.74936 -0.662163 19.2443)
(-0.268766 0.111326 20)
(0.363278 -0.150475 20)
(-0.18204 -0.45108 20)
(0.19024 0.447683 20)
(-0.0442999 -0.0267106 0.898506)
(0.0442999 -0.0267106 19.1015)
(-0.00247144 -2.44249e-15 2.74643)
(2.15985e-07 -9.93743e-06 13.75)
(0 0 9.75003)
(0 0 4.75)
(0 0 6.75)
(1.11022e-16 0 16.75)
(0 0 15.25)
(0 0 8.25)
(0 0 12.25)
(0 0 10.775)
(0 0 17.775)
(0.0298824 -0.010716 3.74818)
(-0.0133438 -0.03125 5.75)
)


// ************************************************************************* //
