/*--------------------------------*- C++ -*----------------------------------*\
  =========                 |
  \\      /  F ield         | OpenFOAM: The Open Source CFD Toolbox
   \\    /   O peration     | Website:  https://openfoam.org
    \\  /    A nd           | Version:  11
     \\/     M anipulation  |
\*---------------------------------------------------------------------------*/
FoamFile
{
    format      ascii;
    class       faceList;
    location    "constant/tube_fluid/polyMesh";
    object      faces;
}
// * * * * * * * * * * * * * * * * * * * * * * * * * * * * * * * * * * * * * //


1130
(
3(123 180 182)
3(180 36 182)
3(123 182 36)
3(123 36 180)
3(55 180 182)
3(55 182 123)
3(55 123 180)
3(180 103 182)
3(36 182 103)
3(36 103 180)
3(180 17 182)
3(103 17 180)
3(103 182 17)
3(143 180 182)
3(143 182 55)
3(143 55 180)
3(74 180 182)
3(143 180 74)
3(143 74 182)
3(180 163 182)
3(17 163 180)
3(17 182 163)
3(74 180 163)
3(74 163 182)
3(186 158 189)
3(97 186 189)
3(97 158 186)
3(97 189 158)
3(172 188 183)
3(112 183 188)
3(172 112 188)
3(172 183 112)
3(184 62 189)
3(43 184 189)
3(43 62 184)
3(43 189 62)
3(81 189 184)
3(81 62 189)
3(81 184 62)
3(24 184 189)
3(43 24 189)
3(43 184 24)
3(81 24 184)
3(81 189 24)
3(31 187 188)
3(50 188 187)
3(50 187 31)
3(50 31 188)
3(88 188 187)
3(69 187 188)
3(88 187 69)
3(88 69 188)
3(31 187 88)
3(31 88 188)
3(69 187 50)
3(69 50 188)
3(153 183 188)
3(183 133 188)
3(153 188 133)
3(153 133 183)
3(172 188 153)
3(172 153 183)
3(66 183 190)
3(183 85 190)
3(66 85 183)
3(66 190 85)
3(47 183 190)
3(66 47 190)
3(66 183 47)
3(183 28 190)
3(85 190 28)
3(85 28 183)
3(28 47 183)
3(28 190 47)
3(137 186 189)
3(186 118 189)
3(137 118 186)
3(137 189 118)
3(158 137 186)
3(158 189 137)
3(112 133 188)
3(112 183 133)
3(118 97 186)
3(118 189 97)
3(190 111 191)
3(171 190 191)
3(171 111 190)
3(171 191 111)
3(190 131 191)
3(111 131 190)
3(111 191 131)
3(151 191 190)
3(151 190 131)
3(151 131 191)
3(151 171 190)
3(151 191 171)
3(111 27 171)
3(111 190 27)
3(171 27 190)
3(158 22 97)
3(158 186 22)
3(97 22 186)
3(23 158 97)
3(23 189 158)
3(23 97 189)
3(171 26 111)
3(171 191 26)
3(111 26 191)
3(172 112 30)
3(30 112 188)
3(172 30 188)
3(29 112 172)
3(29 183 112)
3(29 172 183)
3(43 62 124)
3(124 62 184)
3(43 124 184)
3(43 24 102)
3(102 24 189)
3(43 102 189)
3(24 43 104)
3(24 104 184)
3(104 43 184)
3(81 24 164)
3(164 24 184)
3(81 164 184)
3(153 68 133)
3(153 188 68)
3(133 68 188)
3(87 153 172)
3(87 172 188)
3(87 188 153)
3(66 47 129)
3(129 47 190)
3(66 129 190)
3(168 88 31)
3(168 187 88)
3(168 31 187)
3(69 88 147)
3(69 147 187)
3(147 88 187)
3(50 69 127)
3(50 127 187)
3(127 69 187)
3(81 62 142)
3(81 142 189)
3(142 62 189)
3(162 24 81)
3(162 189 24)
3(162 81 189)
3(50 107 31)
3(31 107 187)
3(50 187 107)
3(122 62 43)
3(122 189 62)
3(122 43 189)
3(31 88 167)
3(167 88 188)
3(31 167 188)
3(88 69 148)
3(148 69 188)
3(88 148 188)
3(69 50 128)
3(128 50 188)
3(69 128 188)
3(47 113 28)
3(28 113 183)
3(47 183 113)
3(67 153 133)
3(67 183 153)
3(67 133 183)
3(172 153 86)
3(172 86 183)
3(86 153 183)
3(28 109 47)
3(28 190 109)
3(47 109 190)
3(85 152 66)
3(66 152 183)
3(85 183 152)
3(47 66 132)
3(47 132 183)
3(132 66 183)
3(50 31 108)
3(108 31 188)
3(50 108 188)
3(66 149 85)
3(66 190 149)
3(85 149 190)
3(62 81 144)
3(144 81 184)
3(62 144 184)
3(118 60 137)
3(118 186 60)
3(137 60 186)
3(158 137 79)
3(79 137 186)
3(158 79 186)
3(158 80 137)
3(137 80 189)
3(158 189 80)
3(61 118 137)
3(61 189 118)
3(61 137 189)
3(85 169 28)
3(28 169 190)
3(85 190 169)
3(111 131 46)
3(46 131 190)
3(111 46 190)
3(173 85 28)
3(173 183 85)
3(173 28 183)
3(151 65 131)
3(151 190 65)
3(131 65 190)
3(112 133 49)
3(49 133 188)
3(112 49 188)
3(112 48 133)
3(133 48 183)
3(112 183 48)
3(41 118 97)
3(41 97 186)
3(41 186 118)
3(118 42 97)
3(97 42 189)
3(118 189 42)
3(151 171 84)
3(151 84 190)
3(84 171 190)
3(45 131 111)
3(45 191 131)
3(45 111 191)
3(151 131 64)
3(151 64 191)
3(64 131 191)
3(181 90 192)
3(145 181 192)
3(145 192 90)
3(145 90 181)
3(181 165 192)
3(90 192 165)
3(90 165 181)
3(151 83 171)
3(171 83 191)
3(151 191 83)
3(71 181 192)
3(145 181 71)
3(145 71 192)
3(125 71 181)
3(125 181 192)
3(125 192 71)
3(33 192 181)
3(33 181 165)
3(33 165 192)
3(71 72 181)
3(145 181 72)
3(125 72 181)
3(106 192 181)
3(106 181 33)
3(106 33 192)
3(52 181 192)
3(52 125 181)
3(52 192 125)
3(106 52 181)
3(106 192 52)
3(17 180 16)
3(103 16 180)
3(34 33 181)
3(165 34 181)
3(163 180 16)
3(34 106 181)
3(73 180 74)
3(73 143 180)
3(53 181 52)
3(53 125 181)
3(163 73 180)
3(53 181 106)
3(92 115 180)
3(92 180 35)
3(92 35 115)
3(115 35 180)
3(135 180 92)
3(135 92 94)
3(135 94 180)
3(94 92 180)
3(176 181 91)
3(176 175 181)
3(176 91 175)
3(175 91 181)
3(155 176 181)
3(155 91 176)
3(155 181 91)
3(95 92 115)
3(95 180 92)
3(95 115 180)
3(59 194 186)
3(117 186 194)
3(59 117 194)
3(59 186 117)
3(58 185 194)
3(185 116 194)
3(58 194 116)
3(58 116 185)
3(25 184 191)
3(170 191 184)
3(170 25 191)
3(170 184 25)
3(110 184 191)
3(110 191 25)
3(110 25 184)
3(166 187 192)
3(187 89 192)
3(166 192 89)
3(166 89 187)
3(146 187 192)
3(70 192 187)
3(70 146 192)
3(70 187 146)
3(187 51 192)
3(126 187 192)
3(126 192 51)
3(126 51 187)
3(63 184 191)
3(184 130 191)
3(63 191 130)
3(63 130 184)
3(150 184 191)
3(150 191 63)
3(150 63 184)
3(93 154 180)
3(73 93 180)
3(73 154 93)
3(73 180 154)
3(177 134 181)
3(53 177 181)
3(53 134 177)
3(53 181 134)
3(105 187 192)
3(32 192 187)
3(32 105 192)
3(32 187 105)
3(155 179 181)
3(179 176 181)
3(155 176 179)
3(136 185 194)
3(136 194 58)
3(136 58 185)
3(185 138 193)
3(57 185 193)
3(57 193 138)
3(57 138 185)
3(186 139 194)
3(59 194 139)
3(59 139 186)
3(140 182 193)
3(182 56 193)
3(140 193 56)
3(140 56 182)
3(185 76 193)
3(138 193 76)
3(138 76 185)
3(135 35 92)
3(135 180 35)
3(75 182 193)
3(75 193 140)
3(75 140 182)
3(105 51 192)
3(105 187 51)
3(44 184 191)
3(110 44 191)
3(110 184 44)
3(184 82 191)
3(170 191 82)
3(170 82 184)
3(32 192 166)
3(32 166 187)
3(146 89 192)
3(146 187 89)
3(70 192 126)
3(70 126 187)
3(150 82 191)
3(150 184 82)
3(130 191 44)
3(130 44 184)
3(185 160 193)
3(76 193 160)
3(76 160 185)
3(40 186 194)
3(40 194 117)
3(40 117 186)
3(159 182 193)
3(159 193 75)
3(159 75 182)
3(185 39 194)
3(116 194 39)
3(116 39 185)
3(19 193 185)
3(19 160 193)
3(19 185 160)
3(18 182 193)
3(159 182 18)
3(159 18 193)
3(119 193 182)
3(119 56 193)
3(119 182 56)
3(99 186 194)
3(40 186 99)
3(40 99 194)
3(185 96 194)
3(39 194 96)
3(39 96 185)
3(120 185 193)
3(57 185 120)
3(57 120 193)
3(77 185 194)
3(77 136 185)
3(77 194 136)
3(186 78 194)
3(139 194 78)
3(139 78 186)
3(100 182 193)
3(100 18 182)
3(100 193 18)
3(185 98 193)
3(19 98 185)
3(19 193 98)
3(182 37 193)
3(119 37 182)
3(119 193 37)
3(38 185 193)
3(38 120 185)
3(38 193 120)
3(185 20 194)
3(96 20 185)
3(96 194 20)
3(21 186 194)
3(21 99 186)
3(21 194 99)
3(174 180 93)
3(174 93 95)
3(95 93 180)
3(174 95 180)
3(177 114 181)
3(177 178 114)
3(177 181 178)
3(114 178 181)
3(156 186 194)
3(156 21 186)
3(156 194 21)
3(157 194 185)
3(157 185 20)
3(157 20 194)
3(156 186 78)
3(156 78 194)
3(77 185 157)
3(77 157 194)
3(116 59 194)
3(58 194 59)
3(117 194 116)
3(37 100 182)
3(37 193 100)
3(93 94 180)
3(94 154 180)
3(93 154 94)
3(179 181 177)
3(179 134 181)
3(179 177 134)
3(92 0 115)
3(92 35 0)
3(98 38 185)
3(98 193 38)
3(136 194 59)
3(176 178 181)
3(178 175 181)
3(176 175 178)
3(135 8 94)
3(135 92 8)
3(138 140 193)
3(57 193 140)
3(93 174 73)
3(73 174 180)
3(177 114 53)
3(53 114 181)
3(76 140 193)
3(116 40 194)
3(75 193 76)
3(159 193 76)
3(54 94 180)
3(135 94 54)
3(135 54 180)
3(136 194 139)
3(56 57 193)
3(159 160 193)
3(159 193 19)
3(26 25 191)
3(26 191 170)
3(26 110 191)
3(70 71 192)
3(146 192 71)
3(52 192 51)
3(52 126 192)
3(89 90 192)
3(90 166 192)
3(63 191 64)
3(130 64 191)
3(150 191 64)
3(33 192 32)
3(33 105 192)
3(39 40 194)
3(52 192 105)
3(96 40 194)
3(45 44 191)
3(110 45 191)
3(83 191 82)
3(83 170 191)
3(166 33 192)
3(146 90 192)
3(126 71 192)
3(150 83 191)
3(45 130 191)
3(101 18 182)
3(100 101 182)
3(136 194 78)
3(121 37 182)
3(119 121 182)
3(119 57 193)
3(36 37 182)
3(121 36 182)
3(164 25 184)
3(25 24 184)
3(117 60 186)
3(59 186 60)
3(156 22 186)
3(22 21 186)
3(117 118 186)
3(156 158 186)
3(168 89 187)
3(166 168 187)
3(70 187 147)
3(146 147 187)
3(51 127 187)
3(51 187 50)
3(127 187 126)
3(88 89 187)
3(69 70 187)
3(80 142 189)
3(80 189 81)
3(162 189 23)
3(24 23 189)
3(162 189 158)
3(164 170 184)
3(32 107 187)
3(32 187 31)
3(61 122 189)
3(61 189 62)
3(118 122 189)
3(87 188 167)
3(87 88 188)
3(128 49 188)
3(50 188 49)
3(148 68 188)
3(68 69 188)
3(20 160 185)
3(160 157 185)
3(20 19 185)
3(138 58 185)
3(138 185 136)
3(57 58 185)
3(109 27 190)
3(28 190 27)
3(109 111 190)
3(104 25 184)
3(110 104 184)
3(152 183 67)
3(66 67 183)
3(48 132 183)
3(48 183 47)
3(29 113 183)
3(29 183 28)
3(144 82 184)
3(81 184 82)
3(139 186 60)
3(137 142 189)
3(102 23 189)
3(161 182 18)
3(161 159 182)
3(120 185 39)
3(38 39 185)
3(20 98 185)
3(169 190 27)
3(171 169 190)
3(86 173 183)
3(86 183 85)
3(108 188 30)
3(108 112 188)
3(65 149 190)
3(151 190 149)
3(105 107 187)
3(148 153 188)
3(128 133 188)
3(172 188 167)
3(113 183 112)
3(152 183 153)
3(132 183 133)
3(63 124 184)
3(124 130 184)
3(46 129 190)
3(129 131 190)
3(22 99 186)
3(62 184 63)
3(102 97 189)
3(96 98 185)
3(47 190 46)
3(97 99 186)
3(31 188 30)
3(65 66 190)
3(173 183 172)
3(18 182 17)
3(101 17 182)
3(17 161 182)
3(137 186 139)
3(79 139 186)
3(150 144 184)
3(63 184 144)
3(116 185 120)
3(58 120 185)
3(140 141 182)
3(141 56 182)
3(37 101 182)
3(56 121 182)
3(141 75 182)
3(74 182 75)
3(74 141 182)
3(36 101 182)
3(43 44 184)
3(44 124 184)
3(99 41 186)
3(40 186 41)
3(65 129 190)
3(49 108 188)
3(149 190 84)
3(85 84 190)
3(19 18 193)
3(51 107 187)
3(148 87 188)
3(128 68 188)
3(167 30 188)
3(132 183 67)
3(152 183 86)
3(42 189 102)
3(39 98 185)
3(104 44 184)
3(42 189 43)
3(48 183 113)
3(164 184 82)
3(41 117 186)
3(156 186 79)
3(78 79 186)
3(89 147 187)
3(32 168 187)
3(127 187 70)
3(162 80 189)
3(142 61 189)
3(122 42 189)
3(138 185 77)
3(76 185 77)
3(77 185 160)
3(109 190 46)
3(173 183 29)
3(161 75 182)
3(169 84 190)
3(55 182 56)
3(55 121 182)
3(141 55 182)
3(166 192 165)
3(145 146 192)
3(126 192 125)
3(170 171 191)
3(111 110 191)
3(106 105 192)
3(161 74 182)
3(151 150 191)
3(130 191 131)
3(96 99 194)
3(19 100 193)
3(176 91 7)
3(176 7 175)
3(120 193 119)
3(119 38 193)
3(21 194 96)
3(77 194 78)
3(0 115 95)
3(72 179 181)
3(72 181 155)
3(72 155 179)
3(157 194 78)
3(93 10 174)
3(174 10 95)
3(12 114 177)
3(12 178 114)
3(98 100 193)
3(37 38 193)
3(21 194 20)
3(157 21 194)
3(157 156 194)
3(93 73 3)
3(93 3 154)
3(177 53 5)
3(177 5 134)
3(155 7 176)
3(177 176 181)
3(93 92 180)
3(38 100 193)
3(176 14 155)
3(155 14 179)
3(16 95 180)
3(16 174 95)
3(16 180 174)
3(178 181 34)
3(178 34 114)
3(114 34 181)
3(135 0 92)
3(95 11 115)
3(174 3 93)
3(177 114 5)
3(154 180 54)
3(154 54 94)
3(72 134 181)
3(72 179 134)
3(34 175 181)
3(34 178 175)
3(94 1 135)
3(94 54 1)
3(175 178 7)
3(3 154 94)
3(5 134 179)
3(135 180 123)
3(35 123 180)
3(155 181 145)
3(91 145 181)
3(16 115 180)
3(95 115 16)
3(123 54 180)
3(165 181 175)
3(165 91 181)
3(174 95 2)
3(16 2 95)
3(115 103 180)
3(103 35 180)
3(15 175 178)
3(94 9 154)
3(179 13 134)
3(155 179 6)
3(72 6 179)
3(143 154 180)
3(143 180 54)
3(125 134 181)
3(178 4 114)
3(178 34 4)
3(163 180 174)
3(114 106 181)
3(94 154 1)
3(179 134 6)
3(175 4 178)
3(95 115 2)
3(123 121 182)
3(103 101 182)
3(182 141 143)
3(182 161 163)
3(180 35 36)
3(181 91 90)
3(180 54 55)
3(94 8 92)
3(0 95 92)
3(93 95 10)
3(93 94 92)
3(93 92 95)
3(95 0 11)
3(3 94 93)
3(94 1 8)
3(10 3 93)
3(94 3 9)
3(2 10 95)
3(8 0 92)
3(94 9 1)
3(2 95 11)
3(12 177 178)
3(179 176 177)
3(178 177 176)
3(176 179 14)
3(176 7 178)
3(5 179 177)
3(14 7 176)
3(7 15 178)
3(177 12 5)
3(179 5 13)
3(6 14 179)
3(12 178 4)
3(15 4 178)
3(179 13 6)
3(171 26 27)
3(27 26 111)
3(158 22 23)
3(23 22 97)
3(145 72 71)
3(71 72 125)
3(30 29 112)
3(172 29 30)
3(67 153 68)
3(67 68 133)
3(86 87 153)
3(86 172 87)
3(104 102 43)
3(104 24 102)
3(109 47 113)
3(109 113 28)
3(122 124 43)
3(122 62 124)
3(129 66 132)
3(129 132 47)
3(162 24 164)
3(162 164 81)
3(167 168 88)
3(167 31 168)
3(147 69 148)
3(147 148 88)
3(127 50 128)
3(127 128 69)
3(108 50 107)
3(108 107 31)
3(152 66 149)
3(152 149 85)
3(46 111 45)
3(46 45 131)
3(60 61 118)
3(137 61 60)
3(79 80 137)
3(158 80 79)
3(144 62 142)
3(144 142 81)
3(173 169 28)
3(173 85 169)
3(64 151 65)
3(64 65 131)
3(49 112 48)
3(49 48 133)
3(17 16 103)
3(118 42 41)
3(41 42 97)
3(165 33 34)
3(163 16 17)
3(34 33 106)
3(84 83 171)
3(151 83 84)
3(73 74 143)
3(53 52 125)
3(163 74 73)
3(53 106 52)
3(58 59 116)
3(117 116 59)
3(0 35 115)
3(136 59 58)
3(57 140 138)
3(76 138 140)
3(117 40 116)
3(75 76 140)
3(159 76 75)
3(136 139 59)
3(140 57 56)
3(159 19 160)
3(159 160 76)
3(26 170 25)
3(26 25 110)
3(146 71 70)
3(52 51 126)
3(89 166 90)
3(63 64 130)
3(150 64 63)
3(33 32 105)
3(116 40 39)
3(52 105 51)
3(39 40 96)
3(110 44 45)
3(83 82 170)
3(166 32 33)
3(89 90 146)
3(70 71 126)
3(150 82 83)
3(45 44 130)
3(100 18 101)
3(136 78 139)
3(119 37 121)
3(56 57 119)
3(121 37 36)
3(164 24 25)
3(59 60 117)
3(156 21 22)
3(60 118 117)
3(22 158 156)
3(166 89 168)
3(70 147 146)
3(51 50 127)
3(127 126 51)
3(168 89 88)
3(147 70 69)
3(80 81 142)
3(162 23 24)
3(162 158 23)
3(164 25 170)
3(32 31 107)
3(61 62 122)
3(118 61 122)
3(87 167 88)
3(50 49 128)
3(148 69 68)
3(20 157 160)
3(20 160 19)
3(138 136 58)
3(138 58 57)
3(28 27 109)
3(109 27 111)
3(110 25 104)
3(152 67 66)
3(48 47 132)
3(25 24 104)
3(29 28 113)
3(81 82 144)
3(139 60 59)
3(80 142 137)
3(24 23 102)
3(161 18 159)
3(120 39 38)
3(20 19 98)
3(169 27 28)
3(171 27 169)
3(86 85 173)
3(108 30 112)
3(151 149 65)
3(105 32 107)
3(68 153 148)
3(128 49 133)
3(172 167 87)
3(113 112 29)
3(152 153 67)
3(132 133 48)
3(63 130 124)
3(46 131 129)
3(22 21 99)
3(62 63 124)
3(23 97 102)
3(20 98 96)
3(47 46 129)
3(22 99 97)
3(31 30 108)
3(149 66 65)
3(173 172 86)
3(18 17 101)
3(18 161 17)
3(137 139 79)
3(63 144 150)
3(116 120 58)
3(140 56 141)
3(100 101 37)
3(119 121 56)
3(74 75 141)
3(137 60 139)
3(82 150 144)
3(116 39 120)
3(36 37 101)
3(140 141 75)
3(43 124 44)
3(40 41 99)
3(65 66 129)
3(50 108 49)
3(41 97 99)
3(149 84 85)
3(19 159 18)
3(105 107 51)
3(153 87 148)
3(128 133 68)
3(172 30 167)
3(132 67 133)
3(152 86 153)
3(42 102 97)
3(39 96 98)
3(108 112 49)
3(151 84 149)
3(43 44 104)
3(42 43 102)
3(48 113 47)
3(38 39 98)
3(110 104 44)
3(164 82 81)
3(40 117 41)
3(156 79 78)
3(79 156 158)
3(41 117 118)
3(146 147 89)
3(89 147 88)
3(166 168 32)
3(127 70 126)
3(168 31 32)
3(69 70 127)
3(162 81 80)
3(142 62 61)
3(162 80 158)
3(164 170 82)
3(51 107 50)
3(122 43 42)
3(118 122 42)
3(167 30 31)
3(148 87 88)
3(68 69 128)
3(138 77 136)
3(76 77 138)
3(77 160 157)
3(76 160 77)
3(109 46 47)
3(109 111 46)
3(173 29 172)
3(66 67 132)
3(152 85 86)
3(113 48 112)
3(44 124 130)
3(65 129 131)
3(161 159 75)
3(144 63 62)
3(78 79 139)
3(61 137 142)
3(57 58 120)
3(85 84 169)
3(171 169 84)
3(173 28 29)
3(55 56 121)
3(141 56 55)
3(166 165 90)
3(145 71 146)
3(126 125 52)
3(26 171 170)
3(26 110 111)
3(106 33 105)
3(161 75 74)
3(151 64 150)
3(130 131 45)
3(40 99 96)
3(19 18 100)
3(7 91 175)
3(130 64 131)
3(120 119 57)
3(120 38 119)
3(21 96 99)
3(77 78 136)
3(106 105 52)
3(166 33 165)
3(90 145 146)
3(126 71 125)
3(45 111 110)
3(83 170 171)
3(151 150 83)
3(157 78 77)
3(98 19 100)
3(119 38 37)
3(21 20 96)
3(157 20 21)
3(21 156 157)
3(3 73 154)
3(5 53 134)
3(91 7 155)
3(78 157 156)
3(98 100 38)
3(37 38 100)
3(135 35 0)
3(11 0 115)
3(174 73 3)
3(53 5 114)
3(1 54 135)
3(135 123 35)
3(155 145 91)
3(72 145 155)
3(135 54 123)
3(155 7 14)
3(165 175 91)
3(174 2 16)
3(115 35 103)
3(8 1 135)
3(7 175 15)
3(5 12 114)
3(174 3 10)
3(115 103 16)
3(9 3 154)
3(13 5 134)
3(155 6 72)
3(165 34 175)
3(143 54 154)
3(125 72 134)
3(4 34 114)
3(143 154 73)
3(125 134 53)
3(2 174 10)
3(163 174 16)
3(34 106 114)
3(155 14 6)
3(135 0 8)
3(12 4 114)
3(53 114 106)
3(163 73 174)
3(54 1 154)
3(72 6 134)
3(175 34 4)
3(175 4 15)
3(6 13 134)
3(1 9 154)
3(16 2 115)
3(2 11 115)
3(123 55 121)
3(121 36 123)
3(103 36 101)
3(101 17 103)
3(143 141 55)
3(141 143 74)
3(163 161 74)
3(161 163 17)
3(36 35 123)
3(35 36 103)
3(90 91 145)
3(91 90 165)
3(55 54 143)
3(54 55 123)
)


// ************************************************************************* //
