/*--------------------------------*- C++ -*----------------------------------*\
  =========                 |
  \\      /  F ield         | OpenFOAM: The Open Source CFD Toolbox
   \\    /   O peration     | Website:  https://openfoam.org
    \\  /    A nd           | Version:  11
     \\/     M anipulation  |
\*---------------------------------------------------------------------------*/
FoamFile
{
    format      ascii;
    class       labelList;
    note        "nPoints:1350  nCells:5661  nFaces:12121  nInternalFaces:10523";
    location    "constant/polyMesh";
    object      neighbour;
}
// * * * * * * * * * * * * * * * * * * * * * * * * * * * * * * * * * * * * * //


10523
(
1
2
463
470
4
462
475
3
464
471
6
112
465
5
466
474
7
118
467
7
115
469
120
468
25
27
33
34
19
26
36
37
11
12
38
51
13
48
63
13
39
40
41
49
16
17
50
61
16
17
46
53
45
52
47
54
19
26
42
56
43
57
21
22
59
62
23
44
60
23
68
70
55
58
25
27
64
67
65
66
72
73
74
75
29
31
32
35
30
69
77
31
71
78
76
82
81
250
264
83
228
282
83
237
279
81
368
369
90
266
310
90
272
349
95
278
300
93
259
318
93
254
317
97
224
322
91
269
309
92
271
308
96
281
302
98
233
331
99
234
328
100
231
332
106
235
334
97
236
333
101
239
337
95
240
338
98
242
340
99
244
341
100
243
342
94
255
319
91
273
311
92
285
312
94
249
347
102
252
351
96
253
350
101
283
303
102
284
305
106
256
356
104
227
295
105
288
325
105
258
335
104
241
358
108
263
360
103
276
348
108
265
362
109
267
354
110
270
315
110
274
352
113
304
326
113
313
339
117
316
361
103
373
386
109
372
377
80
84
384
472
86
365
473
2309
5098
117
387
388
3751
4374
85
87
366
88
107
385
89
114
383
88
426
2851
442
3384
111
116
370
2065
5016
2078
2899
1608
2079
1824
3592
1830
4736
2750
5603
4212
4880
3099
4894
3605
5086
3466
5088
3803
4678
2094
3587
3845
4319
906
4700
2007
5092
2735
4965
2599
3268
111
119
367
3311
3421
5083
5096
1956
4969
121
382
115
436
3441
1463
3628
116
440
3583
447
2773
448
2864
1150
3029
120
444
2395
121
445
3796
453
2686
452
3579
126
145
184
431
145
188
196
403
125
187
376
429
139
401
424
389
408
425
142
156
180
225
140
158
179
290
130
149
201
238
148
202
251
150
151
205
229
151
152
203
230
147
152
204
232
135
154
206
275
153
207
289
182
190
399
444
183
191
400
445
147
150
208
268
390
402
409
165
186
247
144
164
189
248
166
197
257
146
161
198
291
155
192
344
412
423
157
194
299
210
307
154
212
321
153
213
336
214
329
215
327
216
330
217
296
218
353
159
200
346
162
193
323
160
195
355
163
209
297
168
199
246
167
260
306
169
222
293
172
301
374
171
211
314
170
359
378
178
343
381
177
220
357
181
219
375
185
262
394
181
221
395
185
261
379
176
280
396
175
277
380
190
392
408
410
191
393
407
411
177
226
398
178
245
397
324
404
345
391
180
186
1632
193
4187
292
406
403
416
421
402
417
422
389
412
5065
320
405
197
5020
407
418
420
432
450
192
198
4846
414
453
415
452
194
3307
209
5635
195
4082
200
3219
416
419
427
220
4628
222
4001
200
306
3213
4828
202
368
4946
369
2004
216
366
4699
210
367
2978
215
365
4944
207
377
2010
372
2011
214
370
4943
211
2282
382
3630
374
3168
218
386
3594
217
387
2213
383
3584
384
3586
385
3385
388
5057
373
820
286
292
3049
381
4701
223
293
3511
378
4397
298
463
4980
238
254
2312
227
257
5058
228
277
4596
326
4514
325
5118
233
329
3557
234
327
4917
232
337
4755
330
3895
328
2117
332
2118
258
333
4972
237
259
4935
335
3100
336
5551
268
331
2119
241
334
5043
339
4242
271
341
4981
270
303
2064
269
342
3926
246
345
5056
262
4355
248
343
3012
359
4737
250
263
2062
348
3777
254
321
4606
273
350
5085
274
319
5430
5039
272
362
5102
296
322
2629
295
1959
358
4013
279
2029
287
355
2581
297
320
1618
280
1889
264
4945
361
5545
285
351
4940
283
315
4598
284
316
3859
307
3538
308
3493
309
2528
310
4610
352
3788
312
3842
311
2529
278
353
4589
281
354
2262
282
1957
356
4811
313
3625
314
3047
347
5418
304
3709
340
4982
302
2093
349
3978
287
465
4852
469
5032
295
357
3267
296
356
4103
297
359
2698
299
364
3475
298
4859
363
2977
299
371
467
5035
4311
5487
4502
464
3773
3010
317
353
4557
304
323
5252
354
1634
315
3056
4276
316
360
5261
375
4537
337
2611
341
1786
342
2498
340
3257
350
2379
351
4027
318
4954
320
1436
1807
4317
321
3600
338
3598
352
574
593
4952
336
5129
326
5220
325
357
2178
4671
4154
328
3723
3563
331
2589
332
4908
3571
4925
335
2226
358
2227
3558
4075
1367
339
3230
4346
3572
3564
3687
344
1408
346
591
346
2590
1477
348
590
4101
362
5582
4881
1644
4065
2754
3577
371
3374
4903
5095
3918
4089
361
2256
4143
2665
364
462
5008
466
5094
383
4453
384
2869
385
1244
387
3145
386
4751
382
4449
468
5033
388
3836
377
3113
380
4668
394
4399
401
420
5176
4278
379
5222
395
1767
396
4630
391
3156
5201
5203
5204
5198
1865
777
3284
413
417
426
439
404
4919
435
446
434
451
405
4777
406
4611
397
5037
398
3668
404
2717
414
421
5172
415
422
5173
428
5026
407
408
2591
406
3070
3834
428
449
425
430
447
418
443
448
450
5047
461
5084
435
5021
434
5025
441
454
442
455
440
456
432
454
5066
433
437
438
427
470
5013
426
472
5045
436
460
4889
475
4936
5230
440
473
4892
446
460
5091
436
471
4933
5231
457
5296
5224
5225
5014
459
5295
458
5297
449
455
5175
5044
444
474
4911
445
4960
451
456
5174
4566
5272
5309
453
4664
452
4893
5323
5324
5322
5046
4912
459
5022
458
5024
457
5023
5073
5074
5075
461
4947
5277
463
4681
4559
465
4639
4477
467
4602
4922
469
4934
4916
471
3440
2491
473
3585
2863
475
2685
1489
608
737
764
1088
609
741
762
1094
493
615
714
971
521
559
801
5337
499
534
1520
2711
504
612
740
1475
490
898
1151
1695
486
629
1110
2778
485
630
1111
2779
620
961
1136
621
962
1137
514
598
624
2591
501
531
1742
3629
563
578
761
1162
524
848
948
587
644
1057
1125
508
532
614
636
1020
1040
3394
509
715
722
973
525
608
1800
5395
530
609
3691
5403
502
593
683
736
500
777
1150
2731
561
664
2271
628
642
852
533
834
520
541
543
524
742
2045
2313
992
1389
2892
507
634
1069
2456
513
518
944
1483
697
917
4198
614
918
1456
942
1212
1814
538
542
765
3833
515
529
999
1894
528
690
1645
2655
548
1025
1831
735
2193
3353
535
1118
1538
519
527
1847
3727
539
569
1194
2708
843
905
4009
526
868
541
782
1627
2384
5336
606
619
1814
4251
556
746
758
792
551
2173
709
2303
4637
527
1355
4047
577
2504
686
798
1706
882
974
4114
717
2304
3411
533
592
2483
636
651
986
1418
4002
560
1916
4107
931
1041
4058
540
553
1196
1589
564
574
637
1830
678
2143
3760
587
1555
2976
562
1048
1983
1604
1618
617
678
3468
736
1963
3969
565
702
706
723
616
788
2117
3563
572
590
652
1830
571
600
1574
1846
857
951
4052
618
794
2119
3571
552
556
628
1139
845
848
774
1021
4247
945
1003
4008
610
663
1075
2201
570
601
726
1557
1207
1257
586
976
2288
5347
622
661
3644
5484
734
836
3016
561
1356
2438
2253
2268
1060
1070
4074
1227
2018
2043
572
967
1113
591
2099
5358
583
908
1288
585
909
1289
641
759
954
2094
587
1008
1912
601
666
808
600
692
1579
981
1155
632
667
1039
4004
776
1113
618
695
728
2145
616
696
730
2153
2756
2819
4404
1227
1963
2792
622
1305
1329
5483
607
654
2028
3907
1074
4051
5353
5369
1065
4038
5349
5371
924
2526
4258
589
674
1510
1889
927
2538
4230
806
977
1133
2636
689
916
1047
3048
732
1337
3448
800
1155
702
2102
2715
2916
4362
707
2106
662
824
1037
2153
647
780
1281
1329
680
720
877
4012
613
844
906
1865
803
2069
3316
729
838
1049
2145
1084
1114
1474
3787
626
1044
1283
5374
711
721
884
3964
685
751
851
2025
755
1129
1453
2396
703
2949
3699
673
2026
2569
709
764
717
762
727
1777
1919
623
633
672
1410
960
966
1120
656
713
1586
2403
2870
883
3020
4496
807
1088
705
2252
2556
812
1094
703
1212
3052
630
769
5478
629
770
5479
1270
1661
688
1944
2413
803
1079
2717
708
1583
3261
5343
653
802
2628
643
989
1073
1158
1105
1257
2663
3662
2664
3663
649
712
825
2752
947
1762
4364
2056
2940
2969
731
750
855
693
718
892
1896
1357
1402
776
3402
3597
670
1293
1881
5400
699
867
1634
2093
771
805
839
1689
819
853
3587
646
1105
1488
897
959
989
814
1508
1619
704
1888
5361
777
1143
2642
780
840
1103
659
916
975
1772
702
799
2102
709
737
2800
4784
950
1607
800
2567
3679
969
1513
3170
673
1481
1528
717
741
930
2801
786
3451
3667
697
855
1899
1258
2995
5338
900
2098
2484
863
1448
2027
5336
886
1092
1478
930
1670
2915
934
1960
2657
725
1954
2253
747
932
968
1428
929
1778
752
1119
1544
898
2538
5351
5499
694
698
821
2615
1177
1998
3435
682
2498
2884
5364
688
2674
4046
1646
4454
773
1435
3651
940
1100
2895
5389
941
1101
2896
5391
679
1012
1942
5376
1442
3454
791
1525
2967
831
1161
2957
1283
2526
5355
5495
701
2906
5365
707
1282
1796
716
724
936
1601
1024
1825
3473
690
691
5448
842
901
1017
5618
1277
2922
1377
1527
1539
2948
3591
798
2348
1116
1158
2946
888
1359
3462
925
1807
1956
754
787
812
757
789
807
1904
2301
858
1568
3581
1629
1647
1832
739
778
5373
5399
753
2196
2946
1408
1429
3332
743
1815
2251
765
1172
3100
723
1509
5359
716
1436
1985
2530
5343
3106
749
1121
1276
2099
881
1123
2935
920
1408
2115
786
906
1665
883
1317
1686
744
797
1917
937
2106
3107
888
2693
2836
850
1421
1659
3256
831
1976
2272
881
1949
2263
1364
2872
4265
994
1978
933
1436
2164
1880
2782
2939
835
1557
1701
934
1587
787
2139
4249
853
954
1051
789
2138
4241
750
1104
1255
1010
1302
2339
2805
3135
3444
5461
801
1086
2950
1079
1275
1318
1986
3371
807
3694
866
1106
1124
1726
778
1643
3228
796
849
966
812
3695
793
845
2788
1222
1989
5360
790
1225
1463
775
861
887
2573
1128
1431
3916
1027
1501
1516
796
828
1424
3091
1059
1263
2264
2084
4395
1375
1915
2815
1066
1131
3750
768
989
5357
822
1011
2794
1013
5464
5524
1468
2061
3331
5381
823
1018
2795
1128
1207
819
1530
5518
766
813
880
3796
1738
1927
2242
1004
1803
767
893
996
1617
1001
1802
3558
3685
813
837
3546
1169
1583
1617
1757
2373
5365
961
2454
962
2455
1071
1081
4278
785
878
1035
2811
1010
1601
4084
792
2052
2128
854
4646
5640
858
4065
2213
1115
2927
1473
2218
3428
5367
2351
2736
1208
3054
4229
5345
1282
1627
2633
942
1324
1395
5443
843
857
2216
827
965
1554
800
4101
822
1837
1088
2490
3419
823
1836
1211
1814
3914
2006
3244
5377
1872
991
1075
2709
1094
2485
3416
972
993
2010
2011
849
1220
1225
2209
3224
1810
4433
825
990
4068
4101
2022
969
1400
1296
3785
862
1097
2453
5466
839
856
1975
976
2352
2912
929
1294
3369
873
1077
3387
5391
872
1078
2712
5389
871
1080
2742
5387
2915
1031
1244
1627
1926
3026
1466
1486
1509
5359
935
1260
1439
2249
939
1002
1144
2826
865
1667
1700
3418
2627
3449
926
3113
5384
858
1956
4065
1140
1650
1141
1649
1030
2048
4241
3117
4081
862
1097
1694
1812
878
1921
3795
1220
1440
2577
1063
1425
2602
2923
910
922
1058
1340
1611
1693
833
921
1056
1333
895
1237
1747
913
1322
1290
1714
1778
859
2384
5347
1710
1712
3463
1051
2107
4249
1335
2736
1279
3289
5607
1022
1192
1531
2053
1216
2156
3297
2375
2587
926
964
1484
2049
865
1548
2184
5540
1089
1188
1215
1543
1365
2741
1897
899
1599
3093
1024
2559
3456
1150
1202
4143
2159
3740
861
1577
1881
2330
2666
1071
2532
3975
2120
2660
1840
2958
5346
963
1175
1817
5504
1752
1910
1848
3951
2626
4385
5337
902
1115
1232
2820
1704
3260
987
2305
3460
1099
1341
2407
923
1412
1240
1256
2275
5464
910
922
2416
2449
1274
5386
5528
1272
5388
5530
1273
5390
5532
979
1200
1673
2616
895
921
2170
949
1042
2286
2315
1014
1161
1346
1874
2040
915
1015
2306
2483
1062
1328
1829
1117
1438
894
2534
2609
3679
4378
1046
1123
1456
911
1219
2006
2141
1073
1661
1688
1910
2521
2952
1952
2345
1119
1314
1852
3875
1101
1549
1649
1836
1100
1550
1650
1837
1311
3049
4859
967
1108
2746
931
2335
2440
2722
1160
1561
1933
2271
959
1134
1197
948
1332
1793
2200
5588
916
2521
4646
1399
1957
4596
1170
1541
1684
1102
1430
1474
1866
957
1012
2560
2967
1003
1019
2375
4700
912
1280
1699
2518
924
1543
5124
927
1544
5125
1590
2781
1535
2599
2682
1913
2041
3315
914
1206
1322
1109
1427
1528
949
1417
3349
1539
1021
1069
1904
950
1675
4481
923
1091
1356
1437
3083
3117
3368
1591
2798
2370
3357
1209
1412
1746
1878
1530
1551
2188
2154
5382
1749
1884
1146
1239
2922
5578
1982
3472
1030
2548
2676
2687
1250
2013
2377
3086
3111
3366
955
3055
2249
2291
4439
937
3111
4269
1796
4223
943
1324
1388
1826
1620
1886
3226
1546
2259
4094
1547
2260
4095
1364
2250
1382
2412
2558
987
1019
3399
982
2563
2571
963
2843
3030
5504
1183
1452
1854
1231
3232
956
3349
1556
3986
1142
2120
2434
1258
1425
1874
5338
997
1043
1396
1932
1368
1541
994
1978
2770
995
3566
1083
1297
2135
1023
1082
2134
5367
2189
2771
992
1823
2524
4408
2525
4410
1328
3604
1791
2154
3754
1035
1628
2775
2695
981
3658
1023
1250
1756
1522
3163
1056
1333
2139
5657
1048
1072
3847
1149
1497
2404
1005
2187
2527
1064
1148
2534
1773
2209
3058
1068
1464
1855
5346
1058
1340
2138
5659
1009
1673
1844
1061
1581
1608
1786
1129
3565
1060
2333
1103
1180
1811
2806
1068
1291
1292
3356
1007
1029
1090
3612
1607
2372
4229
1174
3776
1038
1713
2793
3043
1678
994
1792
2661
1502
2190
2201
2381
3823
1909
1980
2668
3024
1042
2231
3335
1108
2464
2985
1043
2215
3376
1050
1694
2236
2900
1064
2575
3638
1006
1093
1198
3555
1802
2781
5394
1432
2197
3247
1247
2563
1803
2798
5402
1908
3224
3712
1054
1132
3567
1067
2050
3692
1194
3147
1677
1856
3815
4078
1381
3584
4943
1083
3835
2396
3975
5625
1285
1662
2272
1451
2443
3648
1052
1124
1401
1766
1216
1895
3130
1383
3586
4944
2132
1072
1118
3321
1139
2128
1349
1882
2104
1295
2430
2453
2775
1142
1298
3399
1045
1157
1809
1950
1281
1770
2013
1034
2675
3153
5381
1127
1135
3613
1078
1310
1244
1387
2978
1163
1373
3102
3359
1164
1374
3103
3360
1723
1988
5380
2353
3948
1838
2760
5403
5550
1774
2589
3557
1344
1860
2340
1452
1852
1317
1339
1705
1070
1195
2687
2037
3764
1336
2893
1400
1878
2328
1663
1751
1353
2263
5396
2467
3058
3712
1122
3603
1801
2611
3538
1876
2620
2859
1080
1312
1124
3322
4202
1186
1338
3101
3404
1130
1342
3606
1168
1199
1638
2692
1591
3278
1555
1627
4854
1590
3281
2975
3010
4082
2737
2804
1203
1800
2291
1710
1817
3552
1286
5338
5434
2008
1201
4287
1221
1609
1762
1090
1994
1291
1464
1229
1326
1122
2804
3113
5385
2080
1351
2605
1210
4306
1777
2049
1171
1529
1600
3410
1724
2800
3264
1725
2801
3130
3331
1734
2786
1679
1689
2404
4071
5366
4072
1114
1683
2287
1152
1189
1338
5422
2270
3095
3255
1283
1532
3164
5374
1340
1288
3988
5542
1416
2634
1355
1797
2003
1678
1900
5484
1249
1297
2477
1333
1234
1299
3189
4241
1235
1300
3190
4249
2223
3609
1268
1658
1733
2210
1636
2421
4823
1546
3480
1547
3481
1245
1898
2871
1279
2607
1228
1255
1320
2513
3373
1174
1196
3379
1233
1294
3288
3883
2983
3711
1418
1873
2001
1137
1494
2238
1136
1495
2239
1787
1911
4445
5341
1840
5431
4261
1170
3266
1264
2142
4707
1438
2887
5515
1195
3638
1289
4268
2063
2695
4524
1159
2095
2905
2080
3004
3408
1726
1619
2636
3085
1215
1319
1499
1522
1205
1398
3692
1444
2091
1433
2746
1132
2067
1500
1519
1609
1347
2520
1261
1440
2347
1197
3968
1205
1361
2448
2096
2594
2097
2595
1470
1789
2031
2972
1251
1482
1381
1650
1948
1383
1649
1941
2144
2479
3652
3656
1432
1557
3042
1253
1350
1575
2196
1450
1605
3940
1159
1569
2125
3506
1237
1747
2232
1606
2346
4823
3029
1365
1702
2361
1338
2021
3781
1401
1506
2289
1157
1950
2220
2402
1665
5419
1176
1334
1472
4135
1751
2513
1351
3181
2568
2992
1459
2071
3752
2992
3506
2087
2208
3511
1379
3523
3614
1380
3524
3615
1187
1224
5397
5437
1307
1542
1940
3408
1344
1563
1968
3476
1236
1446
5572
2432
2720
4824
1843
3843
1360
1603
2970
2160
2285
3685
1243
1407
3398
5360
2132
1230
1887
4126
1406
2989
1790
2012
5400
1335
1420
2421
2736
1383
1397
1754
2203
1185
1975
2343
1331
1631
1945
3208
1381
1404
1753
2204
1534
2608
4299
1323
1479
4057
5346
1426
1975
3888
1413
3522
3678
5415
5436
1602
1776
4003
4041
5423
4042
5426
5649
4043
5429
5653
1307
2035
2831
1204
1304
1369
3626
2600
3464
2080
1247
3603
2512
5340
1249
2955
3606
1236
2009
4977
1856
2747
2961
2076
2835
5349
1257
2539
2822
1242
1890
2874
1304
2444
2539
2067
1427
4752
1269
1443
1509
4036
5538
1437
4754
1924
2873
5353
1463
1826
4154
2250
3447
1342
1398
1498
2067
1315
1316
1507
2017
1319
4197
2245
5460
1378
1422
1444
4096
1720
1781
1796
2042
2389
3434
3702
3728
2596
3741
3800
1226
1815
3245
1271
1370
1893
5511
1675
1879
5397
1877
3628
1989
2181
2701
3401
3551
1320
2016
2618
1326
1991
2435
4108
5503
2045
2433
5499
1266
2342
2821
1309
1384
4062
1310
1385
4061
1312
1386
4063
1920
2654
2722
3057
1267
1875
2110
2990
1450
2503
2849
1256
2046
5625
1744
1797
2436
3492
1608
2079
2359
1255
1639
2212
5198
1309
1423
2202
1262
1323
1855
2132
1426
2083
2891
3045
2135
2134
1482
1991
2888
1441
1540
1625
2036
1392
1575
2219
1259
1564
2278
3119
2666
3521
3595
4814
3458
5063
2211
3275
5544
2266
2321
5395
1490
1855
2225
1323
1362
1467
1276
2190
2975
1579
2350
2586
1376
1461
1750
1791
1829
2978
3630
1372
1773
1839
1287
1345
1658
1443
1827
2446
1305
4407
1813
3286
4131
1559
5529
1558
5531
1560
5527
1390
2675
3331
1960
2201
2018
2208
4050
1449
3763
5417
5493
2136
3831
1699
1961
2166
1409
3166
1576
3542
1465
1287
1345
1769
1346
1768
4147
5435
1915
3253
1313
2526
1314
2538
1394
2586
2769
1457
5438
3165
3218
3590
1577
3209
5401
1384
1982
1660
1756
3999
2418
2857
3619
1660
2430
1336
1553
2893
1385
2138
2855
1386
2139
2856
2176
2450
2540
5400
2693
3362
3846
2111
4232
5356
5447
2690
3686
1779
2338
1459
1613
2547
2711
2269
3004
5041
5344
5537
1653
3983
1654
5584
1359
2782
4209
1655
5579
4975
5541
4976
2175
3144
5379
1411
4168
5612
2137
3548
1390
2566
4024
3050
3258
4105
2468
3076
5344
1580
1742
1479
1382
3094
1330
2951
3246
4036
4105
2228
2876
3313
2656
3796
1409
3766
1445
2086
2758
1922
2681
2964
1702
1709
1884
3608
1476
2999
3140
2262
3577
1938
3201
1510
1743
2240
1413
1624
3321
3601
1636
2075
3567
4281
5600
1389
1472
1524
3140
3094
5443
2461
4160
2431
4161
1361
2075
2520
1469
3084
3254
5406
2581
3812
4537
1900
1934
4691
2287
1358
1523
2417
2662
1456
1879
1633
1891
2631
3146
2133
4997
2268
2413
1402
1573
1892
1523
1640
3775
3461
3621
2487
2698
4089
2109
2448
1467
1490
4411
1454
2439
2473
2750
2174
3917
3453
1441
1563
1595
3094
1541
1684
2094
2085
2786
5520
2329
2671
3421
4076
5512
1394
1696
2276
2472
1869
2205
3393
1379
5650
5652
1380
5654
5656
1825
3162
3984
1642
2437
3700
2510
2785
3517
1588
3081
3780
2356
5410
2357
5412
2658
2894
4174
2659
2202
5659
5657
1598
1858
3211
2298
2367
3216
1666
1897
3576
3685
1787
1920
2927
5372
1900
1979
3612
1424
1524
1897
2066
2732
3482
1455
1518
2174
2000
3201
1732
1941
2783
2274
3179
1582
2156
3212
2428
3379
4156
1517
3177
5458
1731
1948
2784
1512
3925
5449
1476
2186
5612
4588
5361
3156
2338
1489
2056
5496
2619
4419
5592
1816
1847
2302
5408
1533
1735
2834
3108
1468
1552
2279
5462
1979
2354
2494
1451
3747
2244
4985
1672
1771
1892
1578
2351
2838
1599
2571
3249
1588
1971
2776
1653
3128
1799
2522
2420
5156
1998
3438
1570
3907
1497
1516
1689
1458
2925
3841
1432
1898
3810
2207
4806
5568
4288
3195
3737
5464
1462
2297
3477
3540
1601
1889
3047
3168
1584
4107
3741
4427
2321
2910
4513
2352
3319
2557
4371
2502
2699
3344
4183
1648
3976
2385
2604
2999
2753
3843
5571
1565
1644
2127
4319
2551
3165
4523
1685
3472
5494
2933
1733
3499
1534
3824
2720
2897
4862
2451
3027
3704
2174
2450
2540
4156
3218
5439
1713
2002
3085
2044
2271
1487
1526
1918
4401
2380
2624
3433
1674
1782
2297
4346
3017
3125
3164
5495
1652
2403
4229
3149
3318
2061
2279
2802
3454
5407
2267
2711
3282
1626
1668
1780
3734
1666
2989
1656
1739
4111
2202
2257
2892
3091
4501
1806
4342
1486
4828
5358
1683
1979
3280
1651
2124
1864
2385
2661
3452
1485
1554
2944
4183
1831
2305
3865
1586
3754
5626
1554
2559
3930
1652
2590
1943
2121
5600
1616
1708
3256
4681
5498
2550
4113
1592
2640
3207
5412
1593
2545
2630
5408
1594
2641
3196
5410
1514
1572
3221
1515
1571
3222
1562
1758
3315
3467
1606
2430
2274
5599
1522
2901
1519
2902
1779
2075
3757
1693
1711
3877
1635
2691
2817
3116
1545
1641
1722
1842
1537
1657
1717
1737
1686
1766
4536
2175
5611
1567
1622
3414
3651
4355
2032
2410
2543
5511
2019
3096
4730
1741
2763
2827
1549
2678
3697
1550
2679
3698
1636
2736
2076
2554
5457
2177
5442
2058
2767
1880
2491
2813
1694
1812
1876
3163
2889
3497
2511
4503
2649
3244
3507
1859
1943
2182
2510
4662
4724
1715
2944
2288
2749
4369
1807
3056
1882
2223
3609
1687
5375
5452
2830
3358
3413
4765
1719
2463
3862
1698
1728
2303
2362
1737
2304
2363
1894
3394
3989
3323
4587
1925
2844
5525
2611
2104
3296
3374
2901
4984
2902
4986
1722
2320
2386
1946
1947
2411
2945
4428
1572
3851
1571
3852
1568
5518
5571
2721
5462
5610
1938
2144
2198
1921
3725
4057
1675
4466
1886
1724
3717
1725
3718
1734
3719
1871
2071
2394
1676
2041
2556
2307
3306
2582
2738
3987
1621
3073
3771
1819
1977
2228
1671
1926
3860
4182
4290
2264
3475
3573
2001
3272
1946
1947
1672
1853
3474
1701
2986
3042
2283
2406
1967
2282
3168
2152
5329
1596
2262
5418
2744
2100
3965
2652
2764
4439
2151
2697
3547
2168
2762
2003
3269
1703
1781
1970
4432
5625
1792
1919
4185
1983
3433
3980
4499
4500
3430
5413
5528
3431
5409
5532
3432
5411
5530
2036
2295
2307
1697
4862
5419
2248
2258
2515
5601
2820
3228
5560
2603
5155
1615
2243
2850
2164
1883
4363
4367
1632
2698
2832
1618
1767
2487
2638
4117
4667
1636
3555
2886
3364
2764
4018
1680
1764
2162
1711
2707
3620
1631
1763
2489
4680
2015
2044
2612
1695
2325
2517
2993
1632
1718
5020
1659
1748
2642
1907
2126
4502
3505
2118
2214
4925
2765
2807
4384
1671
1912
1736
1999
2329
3418
1705
1761
5506
2557
2879
1780
2346
2414
2165
2508
5466
2075
2109
5483
1669
2299
2486
3815
1922
1935
1845
2086
2904
3036
1832
2421
2714
2911
3351
1828
1969
2471
2851
2009
4420
5638
3861
4304
5360
2765
3073
3845
1842
3370
4204
1750
2305
5570
2401
3228
4728
2191
2807
1706
2337
5493
1715
1834
4209
2417
2705
4691
2091
3081
4192
2896
2895
2124
2958
2069
3038
1724
3717
1725
3718
5586
1734
3719
5581
1760
1972
3215
1717
2733
4010
2345
3462
2200
4008
2477
3998
3880
1741
2108
2763
1809
2509
4007
2474
2881
2941
3958
1697
2396
3823
1736
2184
4058
2803
2825
3836
1804
2716
3007
2161
2548
3242
1955
3550
1771
1853
3879
3945
1782
3121
5533
1879
2312
3099
3251
1844
2334
4011
2111
5357
1805
2400
3469
1760
2475
4746
1928
2395
3292
5500
1717
1850
3334
3789
1688
3816
2926
4755
3530
5416
2137
2289
2997
3317
5452
2287
3438
1759
4119
5503
1821
4120
5477
1820
4121
5480
1711
1976
3951
2173
3137
1765
1906
2459
2396
2532
1728
1992
2368
3041
4034
1704
2676
3270
1714
3340
2361
2824
2042
2422
4228
2411
5244
3782
4348
2088
2766
2650
2673
4518
4653
1721
3389
5546
2058
2429
2824
2470
4626
2292
1858
2470
3243
2340
3479
2744
3544
3915
1786
1800
3564
3713
1850
1851
1984
2246
1788
2047
3589
1796
2647
3314
2309
3262
5545
4320
1740
1988
2774
4163
4164
1750
3433
2237
2470
2727
5399
2703
4622
1763
1996
2222
2489
1929
1958
2371
4419
1753
2497
2854
1754
2496
2858
2796
3253
4170
2982
3006
3589
2105
2671
4322
1818
1914
2087
3215
5366
2181
2675
5441
2541
4140
1966
2492
2236
2240
2859
2133
2638
3653
1828
2469
2535
2936
1878
2994
5218
3496
4159
2309
3145
4315
1884
2988
5216
4789
2981
3093
2152
3422
3888
2864
4449
2863
4453
1758
2312
4173
5551
4109
3261
5341
5363
3494
5552
2516
5491
5503
1764
1972
4571
5505
1854
1935
1790
4111
2459
2769
4520
3884
4378
1927
1963
2108
2169
1915
2150
1779
2338
2206
2842
1824
3152
3600
1824
3598
2048
2794
4221
1973
2181
2701
5441
2833
5542
4073
3892
4476
2909
3733
2323
3439
3124
4472
1804
2299
2388
2718
1969
1993
2398
2683
1794
1804
2713
3007
2748
2409
4659
2005
2682
2982
3040
4732
2012
2162
1865
3594
2623
3455
2603
3309
4569
2316
2388
3487
2024
2284
2943
3964
2133
4352
1823
2310
2381
2702
1925
2577
3488
3419
2107
2821
4208
3160
3161
1868
1936
4589
2186
2519
2625
2627
1812
2943
4090
3373
4213
2088
3746
4629
2343
4125
2038
1893
3179
3194
1826
4578
2341
4166
1887
3429
1914
2034
4376
2578
2973
4729
2179
3303
4740
2180
3304
4741
1835
3144
3283
5393
2063
1875
4864
2921
1971
2054
2446
1969
2535
2241
2656
2579
2990
3063
2838
4212
2248
5387
5598
5602
3441
3705
4477
2883
3350
5392
3192
3561
3193
3562
2613
3023
4533
1841
1869
2893
2126
5444
2070
3034
3058
2055
2546
2085
2745
2885
3381
4238
1984
2832
4187
2219
2946
3042
2074
2447
4090
5465
2366
3898
5553
3386
3450
2347
2552
4113
4112
3354
3995
2561
2596
3260
3291
1863
4225
4937
5433
3228
3243
2182
2930
3119
1968
3043
2391
3904
5558
2390
3905
5556
4914
5435
2601
3067
4464
2624
2257
2531
5508
1952
2192
2345
4223
1936
2754
5385
3871
4144
2030
2077
2255
2393
2140
2217
2052
2207
1951
2244
4353
2420
4085
3152
3592
2038
4151
2996
3131
3914
2428
3231
4639
2327
3704
3930
4406
2768
2833
4326
2429
1940
2194
2269
3219
2769
2777
3336
3772
2251
2564
4777
2505
3500
4049
2951
3074
3881
2372
2956
3436
3200
4488
2392
2730
2857
2171
2693
3745
3732
4622
2301
2330
2705
2356
2678
3697
5472
2357
2679
3698
5476
1919
3039
4073
4534
1959
2246
2481
5058
2276
2424
2549
2126
3261
4182
2187
2797
4302
2430
2967
3185
4035
5383
3139
3241
5340
1955
3147
1961
2660
3298
3417
3736
3162
2491
3440
4579
2098
2209
3230
2121
2688
3536
2623
2409
3206
2028
3795
1977
2973
3028
3041
5407
5451
2369
4660
2879
3276
3446
3969
2487
5222
3337
4566
5350
2157
2427
2584
2047
2629
3400
5487
2073
2122
3097
3881
2000
3191
5569
2217
2436
3492
2196
2379
5357
2929
3641
2327
2439
2734
3206
5372
4377
2101
2326
2501
3804
2194
3374
2678
4243
2649
3176
4284
4904
2208
4559
4681
2913
2964
3645
2594
2595
2679
4250
4360
5516
3541
3903
2944
3769
5521
2836
2934
3105
3108
5393
5405
2271
2939
4390
2382
3508
4969
2151
5617
2157
3273
5590
2365
5623
1978
3929
2840
5211
1986
2068
2836
3834
4611
2064
2188
2926
3056
2401
2799
4902
5373
2100
2492
5605
2273
2812
2949
3306
2869
2131
2323
2422
2054
2776
3388
4056
4674
5440
2462
4307
4787
5450
3975
4421
2681
2710
4481
2219
2400
3185
4351
2144
2198
2434
3512
4860
3060
4496
4127
4277
2530
2553
2654
3767
3921
2016
2415
2618
4150
4675
3783
4309
3000
3287
4544
5454
2033
2368
4532
2311
2545
4215
2103
5509
2081
2163
2235
2229
2929
3355
2027
2376
3294
5374
2083
3549
2072
3649
5583
3142
3460
3405
5126
2793
3699
4854
3395
5120
2380
2399
2437
2629
3268
4430
2463
3144
2060
2367
2412
2123
2232
4167
2400
2404
2346
2414
4727
4176
2064
2188
2528
5362
2037
2286
3714
2212
5379
5591
2922
3510
2948
3187
5448
3647
3854
5406
5450
3380
3897
5422
2270
2318
2051
2685
3954
4602
2038
2195
2284
2150
3293
3362
2773
3441
4475
2622
3002
2610
5339
2110
2205
2364
2592
4361
2547
3040
3423
3025
3092
4131
2435
2888
4567
2977
4397
4609
2053
2057
3213
2355
2044
2231
2195
2235
2370
3357
3412
2233
2397
3948
2518
4052
3371
4055
2242
3508
3510
4565
2190
5628
3624
3759
5626
3805
5488
2712
3169
2480
2103
2543
3025
2966
3988
5497
2582
4973
2240
4537
4604
2546
3345
3973
4936
5354
2224
2234
3213
2767
4720
2478
2620
3459
3514
2427
2632
5092
2987
3338
2300
2441
2442
2290
3913
2360
2296
2457
2493
2511
3488
2106
2836
3070
2418
2590
2215
2465
2467
4565
2665
3457
5582
2322
2735
4013
2341
2447
5616
4807
2183
3018
4193
2167
2283
2406
2423
2505
2565
2960
4414
2887
5515
5576
5595
4727
2456
3344
4175
2759
3809
2758
2904
2208
2977
4005
4525
5541
5593
2116
3046
4268
5501
4581
2920
3276
4026
5525
2407
2417
3056
2099
2102
3307
2524
4313
2525
4314
2451
4265
4082
4146
5606
2877
3097
4311
3307
3811
5507
2581
4386
2665
3311
4305
3070
2742
3171
2261
2541
2705
5484
2651
3592
4254
4939
2848
2866
3182
3617
2846
2868
3184
3616
2847
2867
3183
3618
2221
3012
3083
2686
3279
4934
2153
2161
2197
2555
2145
2159
4570
3974
4039
2129
2877
2951
2575
2991
4435
2976
3556
2568
2606
4194
5445
2191
3186
3308
4534
2735
3267
4219
2222
2229
3290
4971
5485
2218
2277
4441
5608
4850
2860
2861
2394
3082
4030
2227
2599
2646
2350
3181
3518
2226
2669
3558
3538
4455
5409
5467
4456
5411
5469
4457
5413
5473
2155
2680
2825
3987
2461
4092
2358
3709
3209
3557
2845
3594
2317
2738
2803
4253
5459
2808
5525
2205
2319
2364
2405
2485
3587
2694
3100
3751
2490
3605
2176
2293
3412
3830
3047
3086
4993
5465
2840
4200
4670
2349
2953
3493
2464
4583
2261
2431
4443
2440
2798
3049
3812
4399
2588
2772
3155
4473
2313
3917
2883
3300
2475
3502
2540
3502
2193
2566
2648
2663
3203
5479
2664
3204
5478
3245
4648
4865
2255
2316
3529
4723
4832
2760
3691
4159
5403
4907
3447
5571
2605
3259
5627
2359
4940
2408
2574
2934
2591
3390
3044
3659
2878
3361
2899
2743
3466
3071
3871
2270
2908
2914
3510
4695
4826
2905
2659
2863
3203
2658
2864
3204
3625
2828
2898
3785
2582
5567
3598
2408
2796
3971
3077
3158
4650
2415
3398
2479
2536
2280
2777
3250
2294
3893
2587
2660
2466
2998
2377
4155
4666
2334
3726
3779
2752
2850
4501
4684
2831
3075
2234
2240
4355
2550
3319
2502
2542
2230
2389
2578
2710
2424
4696
2371
2646
5043
4970
2991
3057
2420
2621
3038
3515
2960
3069
2339
3609
2383
3552
3554
2778
3221
2779
3222
2342
3552
5601
2708
3095
2288
2347
4501
2336
2392
2478
2911
2552
5624
2314
2465
3818
5482
3814
4093
2650
3367
2925
3074
4983
2518
2805
3468
2332
5548
2574
3850
4067
5486
3478
3642
2444
2539
2637
3787
2593
4343
4515
2594
4344
4516
2595
4345
4517
3654
4110
2532
4510
3010
4179
3066
3135
3593
5461
4989
5394
2570
2706
5034
2436
2562
2458
2740
3639
4511
3053
3509
5112
2956
3324
5250
5463
3829
4482
2560
2955
4275
2582
3077
5249
3035
2281
2445
3375
2936
3385
4699
2633
2812
2899
2953
3354
3646
2694
2805
5459
4461
4652
3356
3847
2310
3535
3943
2874
5395
2968
4262
2565
3780
4634
2465
3376
2355
4174
4450
2495
2837
3788
2647
4231
2921
3136
4514
3876
4269
2499
2924
3777
3263
4979
2452
2514
3678
2362
3106
2363
3107
5569
2315
3648
4181
4561
3802
3979
5392
5404
3970
3886
4081
3383
3498
4774
3938
2325
4077
3034
4100
5481
3764
4282
2713
3890
2731
3029
3284
2914
4679
5337
2405
2694
2697
2386
3110
5517
3568
2780
3982
4031
2574
5486
2378
2523
2549
3923
4771
2501
3104
3483
2439
3435
4318
5375
3325
3946
3006
5143
2344
2481
2522
2552
3773
4980
5547
2571
2737
4560
5540
2609
2676
2814
5521
2655
3248
2482
3362
4048
4292
5615
3266
5602
3580
4891
2522
2584
2844
3846
3836
3091
4797
5449
2639
2652
3341
4923
3289
4254
3728
2811
3643
3396
4666
5510
4773
5526
3614
5472
3615
5476
2507
3021
5617
2544
4434
2585
2926
3803
4325
3568
5550
2651
4935
2481
2501
4311
5421
5423
5554
2632
4514
2871
4321
3003
3721
3909
3069
4310
2427
2476
2898
4205
2529
5356
5447
2397
2419
4350
5576
4612
4877
5375
2891
3438
2401
2424
3290
4881
5356
3022
4751
2839
3154
3090
3508
3610
2761
3252
5514
3017
2601
3774
3582
2753
2759
3277
5520
2907
3174
2476
3918
5425
5426
5555
5428
5429
5557
3514
3651
2592
3227
4831
3525
4390
4922
5502
2621
4468
2869
3498
5204
3022
3080
4946
4589
2653
2513
4560
4814
2458
2870
4278
3660
3768
2639
3842
2662
3859
3693
3850
2553
2703
3151
4532
4887
2427
4242
2438
2940
2668
4103
3760
4015
2781
3220
5394
3845
3038
5056
2602
4874
5622
3577
3683
4328
2544
2959
3978
3355
2593
2865
3180
5492
2610
3033
4059
5432
2901
2902
3535
4045
2762
3575
4188
2488
3109
3232
3015
3882
3854
4787
2562
3080
4606
3440
4559
2473
4888
5402
2924
3065
4736
2670
3065
4945
2814
3499
5522
3186
3421
2576
2777
3489
3903
4814
2940
2969
2537
2614
3220
4310
2894
3704
2750
3230
2514
3274
4618
2508
4285
4898
5477
4899
5480
3217
4447
2810
3157
5016
4481
5359
3489
3825
2500
2517
3177
4349
2486
3846
3315
4592
5451
2882
4444
4813
3818
2829
3082
4266
2785
5285
2886
3202
5345
2823
2851
3187
3569
2683
3972
5420
2732
3887
5416
2672
5603
3015
3330
3882
3900
4450
3924
4506
4293
2714
5610
2728
4075
2657
2741
2632
2817
2900
2954
2814
2916
2845
3600
4557
3608
4040
2716
4160
3725
3046
4689
5501
3569
3599
3601
4049
4274
3915
4181
2837
3157
4598
2634
3280
4837
2810
3837
4488
2696
3990
5424
2684
3991
5427
2899
3687
2670
3826
4496
2993
3343
3967
5623
3087
4894
2504
2674
4157
2819
2933
2959
4610
2509
3955
3956
5451
2572
3021
3650
2775
4592
5588
5307
2619
3560
3690
5342
3256
3729
5468
2593
3180
3799
2617
4280
2554
2835
4930
3146
4601
5004
2645
2751
2845
3323
4503
2549
2653
3229
4217
4733
4218
4734
4051
2872
3037
4969
5364
4969
5446
4583
4663
5507
4700
2966
3125
4719
5497
4705
3112
3380
2731
2862
5057
2614
3644
4233
4038
4143
5114
4586
2780
3087
4972
3811
3858
3946
4599
3383
5562
3449
3527
4053
4398
3411
3739
3829
2557
3001
2622
2827
4431
3091
2654
2835
4878
2743
3250
4917
2699
3099
3001
3027
4242
4346
2815
3745
3802
4857
2608
5621
4267
4667
4612
3295
4830
5361
3945
4827
3299
4671
2579
2924
3020
3118
3819
2610
2773
4916
3014
3920
4845
4885
3011
3526
3709
2952
3422
4556
4223
4766
5620
2936
3578
3763
4023
3239
3463
3402
4736
2700
2942
3257
3572
5032
2630
2719
3328
5561
2632
2844
3873
4661
5362
2744
3482
3298
4890
3240
3867
4687
2794
2915
4919
4919
3874
4240
4312
4313
4314
4874
5622
2640
2725
3327
5563
2641
2726
3329
5565
4903
2976
3464
3611
2621
5028
4885
3246
3452
3483
3880
3475
4001
4609
2806
3166
4686
4803
3270
4866
3234
2821
3714
4398
4888
5402
4847
2627
2837
3120
2961
3325
4827
3088
4897
5491
3254
3454
3560
5592
3761
4203
3294
3009
3786
3451
4751
3146
4025
3417
3736
4523
4598
2827
3294
4115
5420
5562
3036
3074
5298
3504
4502
4233
2644
2723
3445
4610
4575
2822
3186
5261
2933
3653
3935
4593
5427
5564
5424
5566
3145
3652
2979
3143
4568
5481
2959
3225
3680
2751
3757
4293
3214
3570
3439
3588
3299
3390
5095
2947
3285
3342
5153
3063
3251
2748
3341
3229
4810
4167
3265
4739
2843
3579
3531
4959
2852
3583
2853
3585
4901
3455
3607
3952
4597
2783
3936
2784
3937
3944
4588
3019
3310
3367
3403
3862
4444
2780
3861
4158
3060
3262
3311
3626
3027
4291
5604
3342
3403
4403
2969
3392
3576
4887
2823
3115
3187
3634
2783
2784
2689
4235
4375
4582
3268
3702
3947
5562
2854
3939
5564
4911
5498
4912
5502
4676
2755
4835
5544
2822
3029
4317
3325
3381
4096
2714
3761
2753
3138
4420
3448
3212
3640
5438
2858
3950
5566
3212
4374
4502
3467
4894
2723
3445
3691
2724
3054
2839
3886
2910
3092
3019
3286
3310
3333
3613
3014
4732
2729
2968
3985
3095
3725
2788
3877
4905
3832
4626
3920
2895
3169
4594
5049
3534
3629
4300
4547
2857
3130
2907
3876
2789
3365
5630
2746
4188
3066
5609
4705
3257
3680
3076
4578
5344
2791
3378
5631
2790
3377
5633
2761
3520
4494
2862
4070
4447
3050
3532
4130
3651
3668
5037
4247
3892
2747
4722
5550
4658
5398
4158
3249
4895
3275
4247
2890
3035
5381
3219
4828
5358
3453
3531
3171
5602
3148
3732
3266
3899
5598
3051
4032
4064
3493
3713
2970
3016
5347
4557
4847
4142
4551
2885
4557
5384
3869
4316
5405
3574
3727
4324
3048
3537
4646
5640
2841
3631
2885
4645
4764
4273
3690
3068
4418
2807
4027
3661
3935
2962
3997
5417
4465
5414
3320
4422
4715
4617
3055
3756
3986
3259
3575
4939
3336
3397
4234
4059
4279
5440
3643
3381
4238
3369
3301
4718
3302
4717
4304
4848
3773
4639
5652
5656
3893
3596
3684
3269
3395
3423
4731
5186
3237
3674
4871
3236
3675
4870
3235
3676
4869
3511
4611
5547
4145
4411
3584
3078
3348
3586
3747
2963
3817
4505
4849
4795
5372
3622
3670
3623
3671
2931
3468
3516
3284
3734
4676
4930
3045
4027
3528
4174
5526
3096
3925
4331
4339
3200
3457
3769
3797
2974
5635
3231
3920
4274
3462
4255
3272
3405
3458
4757
2965
4078
3005
4280
4409
4446
4539
2978
3895
3630
3916
2936
3384
5123
3738
3952
2884
2906
3226
4586
2842
2932
4643
2998
4106
4365
3545
3681
4875
2878
2935
3504
4283
3863
3006
3545
5194
5351
3120
4232
4254
2937
3067
4901
3631
5041
5538
4750
3415
4538
4371
5382
3197
3485
4526
3198
3484
4527
3199
3486
4528
4467
5577
3012
4737
3972
3204
3426
4542
3203
3427
4543
3127
4208
2860
4381
2861
4382
3668
3123
4221
3514
3515
3561
4499
3562
4500
3217
3400
3990
3991
3088
3223
4312
3742
4099
4333
3743
4097
4334
3744
4098
4335
4699
3004
3474
3128
4663
3537
4564
2997
3003
5355
3357
4653
3026
3122
3332
3542
3239
4356
3267
3804
2935
3361
4023
2920
3910
4773
5526
3593
3885
4253
3172
4857
5404
3300
3350
3687
4678
3138
3202
3364
3075
4350
3373
4213
3179
3613
3661
3153
3442
4263
3820
4155
3868
3911
2990
3027
3900
4542
3753
4543
3831
4742
5524
3316
3889
3761
3807
3013
3323
3519
4724
4025
2957
2971
2946
4707
2984
3124
3072
3639
3720
3536
3555
3738
3568
4968
3297
4084
3079
3491
3563
3641
4000
4289
4050
4264
3571
4490
3101
3932
4041
4423
3102
3934
4042
4424
3103
3933
4043
4425
4992
3543
4154
4667
3210
4137
4147
3020
4048
3843
3843
4661
3372
3806
5513
3730
3838
3119
5187
3442
4087
4308
3126
3338
3785
4328
4716
3004
3067
4625
3150
3548
3565
4438
3461
3764
4791
3330
3593
3416
3691
4138
5260
4255
5053
5539
3175
3347
5366
3380
3897
3053
3542
2958
3255
4309
3013
3759
3247
4288
3233
3293
3807
3536
3974
3324
3436
2971
2992
3225
3437
3789
3418
4722
3730
3912
4005
3052
3872
4879
4951
2980
3233
3636
4495
4531
4444
4605
4915
3725
4057
3786
4068
3269
3282
3465
4548
3504
3699
5636
3044
3109
3556
5008
3642
3664
5535
3116
3637
3093
5177
3413
4395
3051
4683
3124
4647
3813
4182
5638
3340
3396
4261
3338
3891
4220
4230
4758
4546
5569
3688
3973
4045
3137
3343
4222
4258
4759
3271
3272
3141
3628
4276
3003
4257
4896
3611
4025
4838
5489
4366
5001
5336
4915
3088
3223
4735
3263
3636
4078
3708
4383
4479
4632
3039
3167
4540
5035
3141
3650
4276
5020
3089
4556
4189
4368
3391
4570
3095
3417
3165
3227
3297
3351
3771
4384
3394
3501
3627
3980
4315
5189
5549
3114
3607
5538
3722
4593
3505
3941
3041
5219
4119
4332
4469
3304
4120
4330
4470
3303
4121
4329
4471
3234
3279
4580
3657
4144
3444
4983
3098
3537
3602
5274
4978
5062
3715
4666
3149
3553
3109
3659
3820
4484
4770
5037
3098
4662
4852
3258
3985
3195
3447
4327
4251
4994
3353
3710
4959
4800
3224
3188
3232
3539
3659
3262
4074
3189
4387
5471
3190
4388
5475
3251
4052
3122
3178
3942
4726
3989
4305
4996
4464
3170
3506
4194
4805
4777
3874
4016
4214
3510
3610
5578
3775
4319
3295
4406
5466
4674
4973
3079
3348
3723
3491
3723
3865
4173
4913
3707
4772
3868
4590
3205
4087
3479
3992
3866
4595
4175
4430
4216
3129
3759
3550
3927
4060
3722
4439
5588
3216
3187
4785
3924
4006
3712
4935
4935
3522
4392
3523
4394
3524
4393
3140
4006
4503
3108
5200
3670
3671
3716
4689
3684
5519
3174
3477
3274
3763
4215
4700
3756
5537
3384
3546
4960
3409
3154
3452
3425
4001
4846
5544
3533
3673
4957
5534
3941
4792
3169
3196
5566
4472
3170
4796
3459
3953
4750
3171
3207
5564
4321
3519
3624
4596
3141
3657
4458
3199
3327
3430
4343
3197
3328
3431
4345
3198
3329
3432
4344
3894
5233
3543
4127
4145
4325
4808
3241
4659
3483
3526
3848
4079
3346
4016
4591
3434
4946
5253
5128
3491
3682
3778
3318
3553
3238
3696
4672
4968
5512
3700
5570
3833
4015
3452
3868
3336
3406
3368
3414
3949
4138
5166
5543
3333
3689
4778
4961
3694
4848
3695
4849
4851
4140
4046
4385
4431
4176
3786
4012
4069
3366
3196
4531
3207
3589
4835
5405
3180
3372
5142
5513
3477
3866
3176
4071
4072
4836
3314
3542
4437
3497
3429
3968
3486
5076
3484
5077
3485
5078
3507
3840
3765
3531
3929
5397
4061
5469
4063
5473
3517
3848
3893
3481
3694
4931
3480
3695
4932
3666
3689
4812
4688
4243
3744
4336
3743
4337
3742
4338
3457
4114
4550
4171
3303
3304
3254
4150
4977
4250
3792
3849
4582
3549
4271
4451
5028
3375
3825
5560
3751
4828
3244
3273
3794
3407
3677
4145
4371
3400
4198
4110
4341
4082
4989
4693
4694
4763
3657
3443
3731
4340
4617
3885
4253
4190
4303
4346
3705
4282
4720
3503
4380
4863
3327
3486
4614
3329
3484
4615
3328
3485
4616
3658
3782
4521
4206
4478
3406
3994
4489
3420
3655
3445
3605
5086
3326
3355
3273
4840
3724
3804
3687
3926
4649
5494
4428
4723
4577
4774
3938
4841
5513
4868
4743
3464
3963
3389
5016
4367
3352
5607
3291
5540
5572
3970
4650
4721
3387
3983
4784
3591
4022
4148
3554
5095
4972
4533
4645
3907
4619
5339
3528
3380
5493
4721
4829
4412
5301
5519
4800
5658
3339
4373
3816
4029
4805
5660
4107
4929
3716
3839
4942
5057
3347
3910
4992
3666
4076
3392
4157
4347
3369
4215
4774
4862
4939
4902
5271
3337
4786
5628
3473
3503
4853
4875
4186
4386
4770
3529
4569
4695
4104
4219
4673
3662
4021
4177
3663
4020
4178
4793
4794
3312
3884
4017
4402
4366
4846
3765
3771
4272
5193
5587
4677
4816
4945
3322
3870
4017
3832
4798
3588
3942
3494
3353
4229
4028
4091
4318
4366
4023
3762
3863
4549
4644
3672
4817
3908
4656
4599
3355
3825
3838
4515
4517
4516
3894
4927
5460
3841
5082
3666
4541
3363
4322
5586
3693
4636
4716
4108
3954
4825
3953
4239
4268
4580
4576
3722
3790
3367
3490
5158
3454
4307
3382
4320
5581
4725
5482
3407
3498
3753
4640
5090
3409
4738
4953
5608
5441
3646
3995
3590
4524
3500
3681
3716
3839
3470
4574
4842
3471
4573
4843
3474
3515
3456
4788
5585
4987
3674
3898
5421
3509
4668
4513
3724
4701
3763
3424
3793
4964
3921
4372
4763
3656
5033
3385
4908
4725
3675
3905
5425
3676
3904
5428
4655
3686
4790
5580
3387
3753
5198
5198
3437
3443
3450
3753
3428
3435
4291
4723
4832
3710
4224
3512
3958
4915
5453
3526
3625
4954
4354
4352
5212
3559
4837
3806
3867
5514
4840
4550
4115
3508
3551
3969
3837
4354
4192
4272
3495
4572
4861
4353
5217
3772
4195
3677
3910
3539
4186
4193
4089
4296
4737
3445
3450
4518
4653
4756
4853
4224
4919
3579
3939
5046
3572
4040
4369
3649
3564
4049
3518
3633
3655
4940
5334
4053
5119
3582
3801
4909
3819
4296
4551
3583
3950
5044
3585
3947
5045
3469
3840
3552
5514
4132
4338
4133
4336
4134
4337
4405
4168
4873
3469
5038
3443
3500
3469
5127
5013
5014
3444
3468
3731
5202
3632
3635
4530
4399
4777
3527
3740
3739
3826
4405
4906
5138
3609
3745
3944
4085
5130
4129
4203
3776
4079
3764
4716
3621
3465
3546
3963
3634
3838
3778
3926
4070
4307
3748
4177
4485
3749
4178
4486
3530
4860
4285
3602
5094
4856
5442
3540
3664
3890
4361
4575
3828
3827
5015
3911
4711
4710
4712
3529
3866
4084
4412
3578
3825
3706
4136
4836
4784
3919
4896
3926
4695
4826
3781
4148
4487
3608
3688
3949
4281
5019
4577
4868
3601
3513
3642
3906
4856
4092
4854
3992
4297
3794
3840
4463
4690
4980
4295
3540
4248
5533
3619
3602
3715
4034
4308
4587
4955
3633
4886
4199
5111
3569
3599
3994
3595
5275
4702
4703
4704
3791
3821
4030
4144
3533
3688
3910
4056
3906
3892
5437
3620
4197
4522
3673
3688
3735
4490
4685
3913
4161
3733
5639
4943
4720
5396
4463
3779
3928
3699
5636
3621
3648
4255
5143
4804
3660
4253
4831
3696
4850
3888
4767
3665
3864
4833
4141
5399
3567
4833
4944
4965
4576
5510
4546
3851
4931
3852
4932
5088
5088
3679
3844
3693
3747
4597
4626
3794
4351
5604
5086
5086
4179
4297
4495
3784
4539
4706
3690
4953
3783
3833
5096
3997
5417
5201
4080
4125
5524
3597
4290
4964
3957
5203
5203
5204
5204
4982
4231
3805
3654
3669
4116
5039
4996
4952
4152
4196
3809
5387
3658
4348
4954
4684
4926
4952
3739
3619
4655
4126
4452
4921
4981
4651
3774
3740
3927
5128
4135
3613
4593
4842
4843
4098
5241
4099
5240
4097
5242
3785
4297
5627
3648
3827
5391
3828
5389
4199
5275
4374
4832
5546
3642
4568
4831
4954
4553
5201
3774
3707
4055
4372
4128
4303
3997
5448
3860
4086
3637
4547
4594
4644
5121
4918
5439
4497
4864
4029
4407
4289
5232
5162
3853
3956
4645
4764
4248
4690
4826
5552
5226
3669
4226
3968
4592
4787
4505
3896
3929
3871
3882
4131
4593
4123
4124
4102
4591
3864
4772
5548
3679
4378
4432
5056
3822
3960
4163
4164
3870
4789
4955
4766
4964
4710
4711
4712
5148
4861
4764
5583
5287
3732
4637
4784
4044
4088
4228
4170
4024
4560
4814
4865
5019
4656
5071
3827
3828
3782
4387
4693
4388
4694
4606
4952
3824
4765
5613
4031
4756
4083
5505
5619
4265
3915
4782
4201
4270
5234
4086
4709
3784
4347
4621
4374
4036
4309
3896
4191
4683
5229
3778
4637
5152
4034
5006
5005
5007
5089
5577
3909
5055
3790
4917
4224
4600
5177
5539
4608
5438
4779
5467
4497
4552
4722
4827
3983
4835
4857
4829
5488
4624
4820
5573
4385
4796
3844
4196
4688
4401
4597
5584
5579
4018
4631
4948
4949
4950
3930
3922
4000
4951
4123
5651
4124
5655
3800
4268
4484
5118
3919
4053
3908
4153
3863
4878
5455
5594
4171
4109
4476
4294
5227
5574
5250
3833
3861
3966
4118
5070
3916
3976
3880
5607
3834
4611
5547
3882
4052
4930
3959
5154
3981
4234
4446
5179
4961
3832
4626
4859
4375
4967
4550
3826
4101
5088
4011
3830
4185
4116
4571
3861
4104
4585
4834
4068
4576
3837
4065
4210
4788
3810
4622
3808
3821
4088
3902
4301
4680
4083
4909
5505
4291
4406
4415
5272
3959
4085
3802
3979
4275
3814
5142
4427
4657
3957
4290
4924
4673
3873
4755
4600
4721
4829
4234
4669
4088
4252
4636
5598
4288
5508
5113
3930
4454
4172
4191
5637
5597
3846
4269
5054
4169
4302
4872
5284
3822
4226
4176
5040
3960
4369
4625
4112
5614
5098
5015
4900
4125
4441
4195
4859
4673
5378
5083
5102
3997
4873
5004
5367
3992
3935
5085
4227
4438
5085
4655
4966
4301
5232
3971
4938
4381
4382
3854
4567
4743
4423
4526
5099
4424
4527
5100
4425
4528
5101
4656
5511
3952
5083
4767
4103
4903
4184
4266
4267
4009
4173
3906
4273
3911
5200
5543
4153
5276
4214
4169
4236
4958
4054
4678
4295
4633
4112
4239
4379
3961
4067
4262
4905
4033
4442
5237
3993
4064
3982
4601
4062
4779
5467
4402
4536
4122
4738
3962
4069
3931
4482
4891
4205
4279
5440
4647
4643
5380
4670
4930
4755
5559
4180
4521
4116
4730
5265
4141
4603
4808
4056
4174
4566
4920
5172
5348
4019
4489
5027
3928
4818
5266
5267
5618
4139
4153
4199
4391
4535
5624
3931
4552
4918
4251
5112
4181
4806
4564
3924
4013
4352
4652
4328
4584
4162
5052
3966
4077
5234
5092
4963
4440
4604
4481
5416
4392
5288
4393
5289
4394
5290
4027
4123
4740
5651
4124
4741
5655
4173
5039
5171
5563
4117
4440
4530
4529
4045
4081
4142
4305
5102
3993
4815
3978
4940
5168
5561
4993
4138
4159
5170
5565
4669
4375
4129
4014
4665
5219
5587
4007
5283
5517
4122
4353
4418
4523
4067
4768
4069
4769
5121
4360
4776
4146
5059
4130
4771
4220
4349
5064
4372
4315
5098
4768
4889
5644
4400
4790
4165
4651
4035
4096
4272
4028
4222
4370
5061
5583
4316
4008
4315
4426
4682
4756
4853
4774
4237
4851
5522
4511
4171
4466
4235
4648
4014
4197
4058
4305
4892
5646
4893
5648
4414
4273
4928
4776
4146
4545
5036
3999
4072
4071
4162
5109
4397
4362
4985
4363
4984
4364
4986
5109
4342
4506
4436
4009
4695
4064
4210
4448
4421
4769
4031
4825
5594
4259
4675
4377
4633
5300
4510
4607
5278
4491
4717
4492
4718
4493
4739
4671
5118
4211
4412
5590
4257
5011
4233
4709
4972
5271
5549
4239
4379
4623
4200
5383
5626
4224
4323
5481
5536
4287
4976
4165
4316
4138
4982
5099
5100
5101
4088
4971
4226
4050
5453
4404
4997
5443
4981
4385
4306
4975
4066
4340
5559
4429
4529
4291
4283
4074
4664
5642
4106
4117
4266
5005
5006
5007
4520
4728
5560
4519
4081
4540
4075
5129
5185
4723
5552
5302
5186
4084
4202
5335
5523
4204
4365
4263
5222
5184
5011
5489
4547
4507
5386
4509
5388
4508
5390
4634
5279
5280
5281
4323
4505
4872
4647
5535
5488
4219
4309
4743
4692
4747
4462
5179
4293
4341
4443
4998
4277
4371
4159
4645
4430
5129
4747
4130
4422
5067
5068
5069
4240
4798
4187
5058
4303
4923
5610
4605
4384
4507
5528
4508
5532
4509
5530
4625
4270
5158
4271
5156
4475
4619
4752
4511
4658
4841
4226
4524
5546
4568
4277
4844
5169
4493
5149
4292
4558
5087
4259
4203
5162
4227
4432
5151
4789
5220
4998
4776
4467
4635
4219
4965
4768
4769
5294
4321
4322
4275
4292
5060
5050
4342
4506
5002
4320
4180
4290
4924
4395
4430
4492
5160
4491
5161
4786
5627
4191
4962
4282
5572
4818
5003
5456
4815
4427
4484
5636
4742
4294
4652
5605
4303
4795
4403
5122
4594
4418
4796
5027
4227
4531
4247
4721
5276
5213
4483
4549
5003
4817
4400
4987
4396
4804
4819
4350
4380
4427
4657
4449
5201
4477
4852
4414
5190
5589
4232
4881
4436
4818
4568
4831
5468
4246
4333
5076
4244
4334
5077
4245
4335
5078
4325
5131
4453
5203
4318
5132
4269
5237
5613
5010
4429
4995
4437
4957
4880
4426
4806
4967
4327
4974
5154
5521
4448
4815
5614
4295
4243
5043
5470
4357
5133
4358
5135
4359
5134
4458
4463
4250
5474
4879
4328
4390
4716
5483
5522
4512
4555
5110
4370
5055
5009
4263
4642
4936
5066
5352
5054
5299
4544
4679
5454
4646
4267
4667
5326
5328
4434
4933
4956
5252
4411
5096
4643
5179
4401
4597
4652
4411
4854
5190
5376
4669
4498
4620
5059
4995
4666
5294
4858
4553
5573
4369
4376
4531
4480
4504
5178
4686
5316
4685
5317
5278
5229
4395
4853
5009
4447
5202
4822
5092
5163
5164
5165
4375
5261
5261
5195
5534
4706
5320
4715
5318
5082
4793
5026
4794
5023
4785
5024
4452
5025
4359
5163
4357
5164
4358
5165
5029
5030
5031
4396
4960
5024
4678
4925
5093
4601
4507
4948
4509
4949
4508
4950
4585
4838
4354
4389
4995
4415
4811
4903
4488
5056
4798
4819
5279
5280
5281
5260
5150
5317
5318
5316
4692
4422
5036
5606
5009
4772
4623
4664
4912
4397
5222
4725
4405
5256
4386
4415
4387
4388
4621
5308
4439
4863
4766
4964
5506
4584
5087
5615
5105
5106
5107
4478
4988
4978
4537
4435
4648
4432
5151
4913
5320
4496
4415
5140
4733
5315
4735
5313
4734
5314
5012
5141
5191
5629
5017
5144
5181
5632
4990
5018
5145
5634
4523
4503
4506
5332
5274
4882
5288
4883
5290
4884
5289
5268
4895
5053
4709
5093
4629
5312
4634
4653
5619
4567
4958
4994
4672
5010
5578
5310
4623
5051
5180
4918
4857
4661
4886
5363
4682
4763
4787
4604
4943
4561
4746
4460
4803
5169
5173
4944
4852
5032
5006
5531
5005
5529
5007
5527
4505
4879
4820
5327
5574
4821
5328
4624
5152
5573
4579
4754
4929
4994
5138
5123
5415
5147
5089
5273
5575
5017
5025
5046
5018
5023
5044
5012
5026
5045
5127
4687
5268
4654
4775
5060
4555
4620
5140
4639
4963
4834
5325
4525
4783
5593
4696
4839
5326
4720
4574
5257
4573
5259
4572
5258
4766
4607
4928
4640
5259
5257
5258
5215
5398
4602
5094
5109
4620
4801
4947
5235
5236
4524
4783
4920
4991
5414
4555
5091
5642
4816
5058
4538
5492
4542
5478
4543
5479
4822
4900
5127
5486
4617
4810
4941
5139
4771
4825
5628
5255
4882
5241
4883
5242
4884
5240
4530
5113
4866
5189
5246
4621
4915
5616
5331
5563
5601
4635
5138
4677
4778
5565
5561
5089
4627
4844
5167
5612
4729
4797
5449
4839
5070
4737
4846
4696
5605
4753
4785
5115
4620
5159
4642
4858
5282
4980
4832
4856
4761
4793
5116
4762
4794
5117
5333
5040
4665
4890
5193
5182
5330
5105
5106
5107
4833
4699
4917
5228
4775
4867
4657
4708
5122
5568
5027
5050
4772
5548
4635
5093
4789
5570
5223
4811
4628
5020
5624
5150
4826
4630
5037
5618
5118
4982
4634
4827
4701
5095
4873
4786
5251
5597
5299
5039
5192
4621
5616
4719
4796
4981
5214
4910
5273
5465
5595
4869
4897
5491
4870
4898
5477
4871
4899
5480
4707
4649
5269
5494
5110
4637
4714
4640
4641
4698
4780
4701
5623
5052
4668
5617
5081
5515
4760
5000
5325
5150
4970
5071
4698
4876
4956
5065
4845
5036
4660
4999
5620
5019
5149
4979
5166
5600
4775
4802
5047
4874
5042
4795
5087
4728
5188
5113
5641
4783
4911
4690
4927
5213
4965
4941
4987
4840
5254
5122
5001
4926
5008
5313
5321
5215
5197
5196
5192
5321
5033
5035
5252
4881
5085
4767
5160
5161
4799
5048
5327
5574
4845
4956
5029
5409
5030
5411
5031
5413
5270
5206
4886
4874
5432
5614
5099
5100
5101
4748
4783
4911
5022
4749
4912
5021
5205
5315
5314
5008
5094
4764
5111
5188
4792
4974
4998
4810
4963
5115
5119
5212
5227
5133
5135
5134
5102
5247
5312
5116
5117
5310
4748
5255
5369
4749
5256
5371
5148
5226
5022
5368
5021
5370
5162
5098
5059
4785
5175
5644
5060
4873
5130
5217
5131
5216
5132
5218
4855
5308
4793
5176
5646
4794
5174
5648
5169
4934
5033
4878
5148
4867
5183
5568
5269
5084
5167
4867
4876
5248
4844
4933
5014
4922
4805
4800
4858
4936
5013
5082
4951
4809
5227
4844
4947
5014
4858
5013
5047
4821
5210
4960
5272
4961
4920
5178
5042
4978
5048
5157
4886
5603
4865
5038
5050
5638
5302
4966
4921
5072
5197
5196
5153
5083
5096
4862
4939
5445
4878
4835
4875
5223
5206
5003
5054
5000
5205
5251
5160
5161
5034
5140
5235
5236
5331
4868
5000
5011
5146
5269
5149
4916
4934
5154
5187
5270
4876
5067
5068
5069
5002
5284
5287
5065
5001
5490
4994
5418
5430
5029
5030
5031
5214
5254
5270
5168
5643
5214
5334
5170
5645
5171
5647
5129
5254
5226
5076
5077
5078
4913
5182
5215
5038
5599
5185
5123
5436
5090
5611
4925
5559
5330
5184
5596
4937
5110
5032
5079
5173
5272
5035
5015
4962
5283
4928
5182
5248
5235
5236
4956
5136
5642
5245
5485
5321
5004
5090
5545
5551
5277
5163
5164
5165
5310
4966
5307
5137
4974
5137
5147
4967
5139
5019
5302
5040
5245
5246
5255
5256
5042
5157
5246
5228
5293
5292
5291
5072
5074
5153
5073
5080
5075
5079
5190
5273
5247
5286
5231
5282
5195
5253
5199
5146
5168
5630
5582
5171
5631
5170
5633
5225
5075
5073
5074
5224
5230
5210
5248
5228
5604
5170
5168
5171
5324
5152
5247
5609
5136
5238
5641
5155
5308
5487
5108
5303
5097
5305
5103
5306
5104
5304
5084
5231
5368
5631
5633
5630
5234
5245
5297
5295
5145
5296
5576
5622
5309
5641
5119
5130
5131
5132
5319
5220
5252
5333
5401
5554
5555
5557
5221
5286
5128
5209
5293
5207
5291
5208
5292
5237
5195
5330
5243
5262
5643
5251
5223
5239
5263
5647
5264
5645
5303
5437
5199
5311
5177
5306
5305
5304
5188
5640
5194
5277
5295
5370
5297
5322
5647
5323
5643
5296
5645
5457
5225
5238
5224
5239
5249
5567
5260
5274
5299
5249
5244
5230
5243
5211
5200
5331
5233
5216
5217
5218
5621
5219
5221
5233
5635
5285
5309
5322
5323
5271
5335
5298
5265
5553
5266
5558
5267
5556
5629
5632
5634
5311
5300
5319
5324
5301
5285
5298
5311
5332
5319
5333
5639
5637
5335
5337
5339
5434
5341
5342
5343
5343
5345
5537
5347
5349
5350
5370
5351
5351
5500
5353
5354
5368
5355
5355
5496
5357
5359
5361
5363
5364
5365
5365
5367
5369
5371
5373
5398
5375
5377
5378
5379
5589
5379
5381
5383
5384
5385
5385
5387
5389
5391
5393
5404
5395
5397
5414
5399
5401
5403
5405
5407
5450
5409
5468
5411
5470
5413
5474
5415
5417
5419
5431
5421
5422
5423
5423
5425
5650
5426
5649
5428
5654
5429
5653
5431
5446
5444
5433
5434
5435
5613
5435
5437
5439
5441
5443
5445
5446
5447
5447
5449
5451
5453
5490
5454
5490
5456
5457
5593
5458
5458
5460
5461
5462
5462
5464
5523
5466
5468
5470
5471
5472
5472
5474
5475
5476
5476
5478
5480
5482
5484
5486
5488
5490
5492
5504
5494
5496
5497
5498
5498
5500
5501
5502
5502
5504
5506
5620
5508
5509
5510
5510
5512
5514
5516
5596
5518
5519
5520
5520
5522
5524
5526
5528
5530
5532
5534
5535
5536
5536
5538
5540
5542
5594
5544
5546
5548
5550
5552
5554
5644
5556
5646
5558
5648
5560
5562
5564
5566
5568
5570
5572
5574
5576
5595
5578
5581
5657
5581
5658
5583
5586
5659
5586
5660
5588
5590
5591
5592
5592
5594
5596
5598
5600
5602
5604
5606
5608
5610
5612
5614
5616
5618
5620
5622
5624
5626
5628
5630
5632
5634
5636
5638
5640
5642
5644
5646
5648
5650
5651
5652
5652
5654
5655
5656
5656
5658
5660
)


// ************************************************************************* //
